1	1400000000000013143	J-zo	683536
2	300000000000001214	おハル	434585
3	400000000000010929	のっく@テト	416215
4	600000000000003701	三万石@DT書き	399882
5	1200000000000037295	heishiA	361495
6	400000000000051001	えいしん	346002
7	600000000000026022	せい	325147
8	100000000000026669	かかお。	321915
9	1300000000000000508	ふれあ@絶望的な金欠	316517
10	1300000000000075220	kazu	308011
11	800000000000006526	山田秋沙	291790
12	800000000000028147	るかぱい	285815
13	200000000000063347	あるぅ	285399
14	1500000000000054051	ジョンX	283858
15	500000000000083753	Toshi	282816
16	700000000000062606	リックP	282282
17	500000000000004806	Kazeuma@まったり勢	280137
18	1200000000000027702	かっちん	279624
19	900000000000001186	[ラウメン募集中]そらんちゅ@Da両極アピ耐性↓	278254
20	1400000000000073994	やこー	276174
21	1400000000000000678	おっさん	273826
22	900000000000051147	ドヤP	269667
23	600000000000077673	るーむP	262594
24	1500000000000008089	ヒロツカ	215359
25	700000000000096834	HI I AM YUI	209918
26	1200000000000096378	リキ	206218
27	22917	もけけ	202319
28	1300000000000003923	アルシェイド	198540
29	300000000000010247	萃香	194379
30	1100000000000015285	ジャミラ@ラウメン絶賛募集中よー	187461
31	400000000000000254	CroLo	185642
32	80663	樹雪P	183518
33	1000000000000081408	クルック	170848
34	1400000000000022923	ファントム	169368
35	1000000000000053660	ハレルヤ	167521
36	900000000000052185	ジェダイ	166463
37	1500000000000041980	しまムウ	163781
38	300000000000062031	ぱる	160771
39	1000000000000037200	ダック	160656
40	700000000000007139	K@cho.	159215
41	200000000000083476	ふじ	154010
42	1000000000000055309	へび	153442
43	300000000000081080	朋	150183
44	44578	ゼロ	149295
45	1100000000000051074	まーふ	146042
46	1500000000000046180	ポジティブP	144135
47	1400000000000031662	優虎	143590
48	700000000000025841	りゅう@ミリ4th全通	143182
49	1000000000000075186	taku	142048
50	1100000000000080071	かねうし	130684
51	600000000000048813	マロ	129418
52	1400000000000001016	にゃいぺーす	121740
53	200000000000014461	ユウイチ	117942
54	1100000000000007085	のんけ	116282
55	400000000000099318	路人9527	114289
56	56150	朱流	111674
57	500000000000050925	がまん	110816
58	200000000000024836	ミスティ	110575
59	500000000000079954	ここのえーさく@BMD相互埋め希望	108763
60	500000000000082312	銀河	108396
61	600000000000003329	神話Ｐ	107854
62	200000000000022508	シリアル	106813
63	400000000000002113	たみ	104770
64	300000000000095738	イヌ	103205
65	1400000000000060132	クララ	102093
66	100000000000026432	わんわん	100696
67	900000000000043170	篠川	100674
68	1100000000000004012	ゼンダイ	100452
69	700000000000097647	LABY	100093
70	100000000000029511	みんみ	99694
71	200000000000039578	ASH	99424
72	200000000000007248	おさとも	98963
73	800000000000095865	しゃけおにぎり	98643
74	300000000000002279	和	98640
75	700000000000097517	log	98298
76	1100000000000073865	けだま	95664
77	1400000000000052867	2代目隊長	95021
78	1300000000000061652	はたけやま	94645
79	1400000000000016192	すばるん　放置	94126
80	1000000000000062150	ヒーロー	93422
81	4215	セージ	92750
82	200000000000088507	ot02070	91941
83	1300000000000075133	Squeeze	91485
84	1400000000000016149	とびっこ野郎	90845
85	600000000000085312	轟ブラックモア	90485
86	700000000000001409	hikaru	90266
87	1300000000000000701	osora	89786
88	800000000000023404	対馬	89705
89	300000000000059857	レン	87963
90	1500000000000085514	四郎山	87645
91	200000000000030783	泡盛@古酒	87375
92	1400000000000019551	ヤマノウエ	87321
93	900000000000098628	しおん＠同僚ｸﾀﾞｻｲ!	86394
94	1500000000000001643	てる	85593
95	400000000000096280	swallowtail	85315
96	200000000000060307	ぺけ	84616
97	3940	みぷれ	84457
98	1400000000000053502	CaT	83464
99	1300000000000043391	ナカ	82850
100	1500000000000007832	あき	80330
101	1200000000000058344	やすひろ	79080
102	900000000000055229	feketerigo	78910
103	1000000000000004130	でん	78631
104	1400000000000004848	タツギ	78458
105	800000000000000500	晴美	77659
106	1200000000000097310	bx	77510
107	500000000000097781	D-ONE	77476
108	400000000000000317	和泉	77339
109	1500000000000097658	Cth	76991
110	900000000000071943	なべ	76721
111	700000000000051798	NGTa	76018
112	1000000000000025184	うなぎん	74975
113	1400000000000000556	ギエ	74338
114	100000000000009422	なま	74240
115	800000000000085495	ハックシ	74082
116	100000000000058499	ガヒロ	73337
117	100000000000097676	ap-5	72995
118	1500000000000052004	羅針盤	72951
119	300000000000030151	ぬ～ん	72892
120	1000000000000097911	Free	72405
121	400000000000097552	2HEAD	71464
122	600000000000097604	エクセル	71434
123	200000000000000097	オグリ	71355
124	1000000000000021168	Launcher	71106
125	500000000000004243	カズ	71078
126	100000000000046766	なみP	71061
127	900000000000097452	GXU	70872
128	800000000000056287	香料	70081
129	500000000000052424	おたまのルウ	69683
130	200000000000015511	くま	69472
131	47222	ヒューズ	69183
132	1200000000000080613	dat	67970
133	1000000000000059583	珠	67810
134	300000000000037522	竜之介	67681
135	1000000000000086838	micky	67599
136	158	金平糖	67450
137	700000000000062371	ねここたつ	67089
138	900000000000038984	mikado	66967
139	900000000000031124	ニコル・ボーラス	66908
140	300000000000086636	Kskskun	66802
141	1400000000000072320	おごそか	66788
142	900000000000013358	まるるー	66392
143	700000000000045227	きちぃsan	65823
144	1200000000000020544	アヲヂル	65580
145	500000000000061223	はこ	65225
146	1000000000000017886	sh	64511
147	100000000000083846	せーぼ	64422
148	1500000000000079985	DIC	64403
149	800000000000097681	ユキィィィ	64374
150	400000000000000937	ひろき	64208
151	200000000000004274	N・A・Ga	64065
152	1300000000000026642	ケントス	64024
153	1500000000000099258	アステル	63753
154	1100000000000054021	1949	63610
155	1500000000000020929	daiki52	63529
156	1200000000000000446	UC	63439
157	1100000000000026152	みか	62815
158	800000000000057622	りぷ	62577
159	600000000000087200	white-wave	62571
160	700000000000024719	潔白	62412
161	100000000000021314	おでん缶	62279
162	700000000000000052	木枝	62216
163	1400000000000074350	レイ@	61676
164	1300000000000063569	ポピー	61659
165	300000000000004352	neospue	61555
166	1100000000000057779	ガチムチボーイ	61079
167	100000000000021978	YUPA	60735
168	300000000000021196	夏バテ	60502
169	900000000000005316	ゆーか	60157
170	400000000000025589	kyosato	59571
171	600000000000006317	ミケランジェロ	59541
172	1200000000000003487	ミフネ	59516
173	400000000000037283	まっふぃ	59239
174	300000000000078784	UTOPIA	59078
175	1400000000000075451	猫背	58931
176	1000000000000002357	ゆぼ@愛美世代	58851
177	500000000000049322	リヴ	58821
178	1200000000000095871	羽生	58539
179	900000000000053029	たちばなP	58334
180	500000000000005602	スリッパ	57592
181	200000000000025432	miiru18	57447
182	1500000000000076331	クマの☆彡	57300
183	200000000000006740	蛮騎士@我が姫アゼイリア	57206
184	52551	kzkz	57187
185	1500000000000097704	O-4	57168
186	700000000000098095	Qx	57101
187	1300000000000078374	真鈴	56933
188	700000000000086903	藤乃丘	56911
189	26886	カトリーヌ(♂)	56849
190	500000000000097825	RGX	56813
191	300000000000056877	cia	56723
192	300000000000097453	Phantom4	56690
193	900000000000097487	Stain	56669
194	700000000000014940	錆び釘@同僚&ラウメン募集中	56621
195	47090	shinji	56318
196	1100000000000097522	5th Tindalos	56285
197	600000000000003405	ロブ	56237
198	1400000000000000880	ヤマ	56211
199	1200000000000097453	Uroboros	55977
200	600000000000085404	べこ	55955
201	400000000000097519	Yen	55946
202	1200000000000014028	くりっく	55795
203	1300000000000071528	業務用ポテサラ	55599
204	1200000000000001328	こアみ	55395
205	1500000000000096506	影王	55355
206	1100000000000057051	赤メガネ	54728
207	600000000000000705	咲来	54710
208	1500000000000086444	zoome	54488
209	100000000000003269	ede-pyon	54380
210	1200000000000021059	ユウ	54291
211	600000000000045749	Zin	53963
212	300000000000038485	夕凪	53945
213	1000000000000069250	焼きもも	53867
214	900000000000092967	千早P	53663
215	1200000000000097974	XYLITOL	53614
216	1200000000000007531	surround7.1ch	53323
217	1400000000000046895	59式	53278
218	1200000000000077251	クボカス	53262
219	800000000000073773	subtle P(さとる)	53222
220	400000000000076029	あざらしあこ	53170
221	300000000000024780	はる	53002
222	200000000000098682	SPARK	52920
223	800000000000008022	ぬる夜	52776
224	800000000000085390	ミロ	52663
225	900000000000033392	じゅん	52596
226	600000000000080583	YAPPY	52589
227	900000000000005302	御霞月	52567
228	1300000000000003853	もか	52393
229	1500000000000080921	タグP	52202
230	300000000000013556	とた	52171
231	500000000000002871	尽未来	52168
232	600000000000097808	泡星	51947
233	200000000000015671	BLUE	51864
234	1100000000000003921	ゲスマイル	51859
235	800000000000099068	逆襲の瘋子	51856
236	700000000000053053	Hina	51798
237	79528	みっぷる	51710
238	500000000000004228	そうゆ	51579
239	62382	人虎	51269
240	900000000000079586	T@KA	51205
241	1400000000000002026	ちゅらさん@同僚募集中	50737
242	600000000000096079	kukeko	50663
243	900000000000031014	冷や麦	50594
244	1500000000000051980	枝花 @らうめん募集	50534
245	600000000000008697	かたや	50518
246	3747	だば＠ﾀﾞ*'ヮ'ﾊﾞ＠般P	50396
247	300000000000021682	Acubens	50330
248	1300000000000003013	パエリア	50311
249	1300000000000085845	びーえす	50202
250	16402	五月晴れ	50007
251	900000000000079429	KAKA	49973
252	800000000000004075	赤宝石P	49952
253	400000000000020042	お賽銭箱ちょうだい！！	49927
254	100000000000020224	モルガ	49923
255	1000000000000085449	くぼつ	49917
256	400000000000091685	たつた	49738
257	1000000000000002680	式守四太夫	49611
258	900000000000013779	みたらし団子	49524
259	21538	コウ	49354
260	1200000000000001746	ハイゼンベルク	49111
261	1500000000000053496	もしゃこ	49028
262	1028	けＥすけ	49000
263	1300000000000074665	鶴巻	48981
264	800000000000007577	ルキアス!	48975
265	82382	弦奏	48825
266	1500000000000023222	マーヤ	48616
267	1500000000000079279	ashisu2	48577
268	300000000000094254	まゆり	48446
269	500000000000022517	iseulos	48286
270	1300000000000051051	ネモフィラ	48283
271	300000000000094215	まくらくま	48267
272	800000000000079180	drake	48134
273	100000000000003567	4410sawa	48115
274	800000000000086453	A.K.ダイソン	48110
275	80328	やぎヒゲ	47959
276	700000000000055515	メルカン	47846
277	200000000000013245	なつき	47790
278	700000000000005108	タチバナ	47765
279	200000000000052378	赤ネコ	47415
280	700000000000093819	ayumep	47413
281	1000000000000005841	ホッパー	47401
282	77727	ココリン	47076
283	100000000000085740	パンにはジャム	47019
284	1100000000000080506	かも	46633
285	1200000000000050000	蠍座のアキ	46455
286	1400000000000054997	すみす	46305
287	300000000000028502	有楽町	46274
288	100000000000097999	ええかんじ	45991
289	800000000000005054	taki	45684
290	1500000000000097929	HEIGHT-8	45563
291	700000000000006661	pomera	45546
292	100000000000011646	PON克	45502
293	1200000000000095812	あいぱど	45479
294	1000000000000098007	ゆきゆき	45471
295	1100000000000002197	andy	45366
296	1000000000000100696	コドモダマシ	45259
297	1400000000000056616	弱いサカナ♪	45217
298	1200000000000072377	さかもと	45168
299	900000000000032145	タスク	45020
300	1200000000000037675	笹野葉太郎	44966
301	1200000000000001529	がぷりす	44873
302	500000000000051440	しゃんはい	44872
303	1300000000000073985	レノ	44864
304	1300000000000007004	ぎば	44836
305	400000000000079778	ジョニィ	44714
306	400000000000097783	GGG	44345
307	100000000000055881	春菊オトリ	44322
308	1300000000000098544	Metal Max	44064
309	500000000000098137	LoLi9	44010
310	300000000000050920	♪桂♪	43951
311	200000000000003551	チョッパー	43944
312	100000000000077236	ボールド	43924
313	900000000000000335	ラティーシャ	43727
314	1200000000000034361	urban	43559
315	500000000000054294	にえ	43550
316	1000000000000058470	オニオン	43547
317	100000000000056478	ばんり	43341
318	400000000000002710	RR	43310
319	20156	ゴトラたん	43295
320	700000000000039199	ケンジ	43209
321	1000000000000054071	tom	42994
322	500000000000098136	いい男	42984
323	1100000000000056136	2najung	42975
324	1100000000000002718	doing	42895
325	1000000000000008877	はたはた	42868
326	1500000000000023902	みやっちP	42854
327	500000000000096550	九頭　文治	42767
328	1000000000000021112	１けん	42757
329	1000000000000011830	かまぼこ	42648
330	700000000000046848	きょんしー	42625
331	900000000000097854	ンジャメナ	42552
332	1000000000000076626	偽竈馬	42512
333	700000000000024007	N_フジグスクP	42483
334	400000000000027817	Rin	42481
335	1300000000000098545	PaPa	42444
336	1500000000000055702	たくあん	42296
337	100000000000078805	もと	41933
338	1200000000000097868	Quick Queen	41904
339	600000000000057656	子童	41882
340	300000000000002125	Ｒ	41826
341	500000000000085902	うなど	41581
342	1500000000000051161	トロ	41580
343	1200000000000056355	よっしーP	41573
344	1400000000000000691	朝陽	41434
345	900000000000002033	温泉ぱんだ	41418
346	800000000000055660	太陽とすっぽん	41400
347	61666	夕凪	41376
348	100000000000054881	ご当地ガンダム	41198
349	1100000000000096886	はぐれデーモン	41036
350	88313	ユン	41011
351	1300000000000005188	三郎	40922
352	1400000000000002327	大弥	40780
353	400000000000056468	hida	40624
354	1300000000000003977	ギレンP@ラウメン募集中！	40557
355	1100000000000055414	アレグロ	40377
356	700000000000013574	dbqqs1K515	40364
357	800000000000096115	黒い秋	40285
358	1100000000000079608	yunjo	40224
359	100000000000000112	貧血ヒヨコ	40168
360	1400000000000077745	ちよー	40123
361	900000000000037940	■＠NDR114	40043
362	500000000000013787	がんちん	39880
363	1200000000000027264	Sai	39679
364	1000000000000053502	ほく千代	39677
365	800000000000028026	ぽてむきん	39569
366	400000000000081742	scrap	39562
367	700000000000002815	YuneKichi	39477
368	700000000000052765	かたぽん	39423
369	92115	INFE	39418
370	1400000000000003064	アニ	39376
371	500000000000014227	iichan	39280
372	900000000000081703	namizi	39233
373	42716	キレイなジャイアン(笑)	39106
374	700000000000054823	ファルド	39089
375	600000000000051523	ONE	39077
376	1827	ぐーす	38866
377	1200000000000051048	清那	38783
378	500000000000005814	ｴﾐﾔ	38774
379	600000000000099906	Elwood	38764
380	600000000000092995	リトル	38492
381	100000000000085754	yasu	38375
382	800000000000060986	マサカズ（同僚募集中）	38362
383	100000000000053727	じりおん	38321
384	200000000000080656	とし	38216
385	100000000000080451	鈴木	38207
386	1100000000000022483	哩哩	38170
387	600000000000096877	あれな	38153
388	800000000000094678	チャオ	38133
389	200000000000055036	レモン牛乳Ｐ	38132
390	13914	ＮＡＳＳＡＮ	38124
391	700000000000050140	ガスm@s	38094
392	900000000000080182	Yukon	38083
393	92975	神八	38058
394	1200000000000049331	マリンカリン	38041
395	1300000000000056384	さとこ	37958
396	1100000000000036392	弦樂士	37926
397	800000000000008935	悠	37865
398	900000000000074683	ketty578	37843
399	700000000000021135	CP	37830
400	500000000000007819	かおしっく	37776
401	300000000000003202	mist	37756
402	900000000000080949	Ringstone	37753
403	900000000000053549	アディオス	37544
404	1300000000000078129	歌らん	37488
405	1300000000000057323	nnn	37429
406	1100000000000023966	くろう	37411
407	400000000000012842	つっき	37342
408	100000000000020454	はとばす	37195
409	200000000000038973	リタP	37188
410	1100000000000095874	スカルク	37182
411	1100000000000086539	たろう	37072
412	800000000000080219	Charome	37002
413	1400000000000047333	メタもる	36991
414	200000000000032790	Ｍ氏	36817
415	600000000000100244	iDOLT	36522
416	500000000000003676	働け無色	36366
417	1100000000000025918	華月†SBR桂馬†空○	36348
418	400000000000083086	yoko_	36340
419	700000000000049601	カロリー友達	36284
420	1300000000000081904	出雲	36111
421	1100000000000085273	たこくらげ	36090
422	800000000000050570	ミートアクロス	36021
423	1300000000000001739	逢坂椎奈	35937
424	300000000000038234	炊飯じゃー	35663
425	800000000000040683	陽岱鋼(29) .293 14本 61打点 5盗塁 OPS.790	35660
426	1500000000000070171	シノン	35642
427	1500000000000100738	a	35607
428	1400000000000017525	よーへい	35530
429	400000000000056452	ささくす	35453
430	600000000000087866	tong@mi	35450
431	900000000000056223	白圭	35434
432	83542	C.Bulkaria	35369
433	1000000000000084279	不空	35275
434	97585	みゆ	34980
435	100000000000078055	ハネ	34949
436	600000000000026422	ソーナンス【千早…すまない……私は…メンチローゾ(環P)だ】	34689
437	700000000000098565	ひで	34665
438	600000000000051877	ポンポコ	34497
439	700000000000056819	零六	34409
440	300000000000071840	R	34305
441	1000000000000082106	野菜ジュース@765PM,両日	34189
442	200000000000004606	爆散っ！BOM夕コス	34073
443	600000000000019774	しど・ビシャス	33992
444	700000000000001960	じんご	33966
445	200000000000002263	ケヴィン	33961
446	200000000000024507	まここ	33888
447	1400000000000098669	ノワールP	33722
448	1300000000000082439	すももあめ	33680
449	300000000000049670	よっしー	33641
450	1000000000000074558	ホシゲン@Laniakea	33614
451	100000000000038848	いっしん	33552
452	400000000000024068	ゆうさん	33261
453	1000000000000077426	竜巻	33253
454	1100000000000001182	まめ	33157
455	500000000000087027	マコト	33053
456	900000000000057685	ビターチョコ	33016
456	1300000000000004671	葵紅＠ラウメン募集中	33016
458	1400000000000096983	みったん	32944
459	20777	暁月	32901
460	1300000000000023909	Saku	32879
461	3417	miyuki	32613
462	1400000000000007584	Tamoto	32572
463	11193	true tears	32417
464	1400000000000034734	アシラさん	32400
465	400000000000055388	紅玉	32301
466	1000000000000081385	まめぞー	32251
467	700000000000002903	ナバウサギ	32163
468	1200000000000085082	もちつき	32128
469	1200000000000052234	コショウP	32010
470	700000000000000891	えみなる	31997
471	400000000000095670	hiro-2209	31919
472	1300000000000055766	ヒダカックン	31915
473	100000000000047279	りょたし	31900
473	700000000000000698	t	31900
475	1200000000000029302	おなす	31888
476	200000000000022284	いっぷーどお	31871
477	4193	とるく	31832
478	1000000000000028122	としさん	31704
479	900000000000020489	さけわかな	31598
480	700000000000083720	せのー	31576
481	1000000000000053348	あふろ	31461
482	700000000000003459	よっしー	31376
483	200000000000078432	ハセヲ	31355
484	400000000000094938	バッシー単身赴任、終了	31257
485	700000000000038876	ばかモン	31251
486	600000000000018172	よしお	31217
487	1100000000000096324	Cocobolo	31171
488	100000000000000328	sin	31129
489	1300000000000047377	にいと	31029
490	1300000000000074305	あめこ	30988
491	200000000000045884	u-mibe	30956
492	1000000000000056101	poison	30899
493	1400000000000002881	たる豆腐	30838
494	1500000000000093820	ぜっとん	30771
495	300000000000081870	多摩ひより	30750
496	73311	Jm	30744
497	600000000000078365	ドルべ	30695
498	900000000000097101	乃麦	30584
499	700000000000096247	サワー	30554
500	1000000000000099775	うにとろありす	30542
501	1000000000000002016	wkch	30493
502	300000000000016070	わたー	30483
503	500000000000079335	小豆嶋	30473
504	200000000000015250	クイロ	30420
505	1500000000000007514	日向小麦	30310
506	800000000000056568	むにむにさん	30173
507	1200000000000052231	ななしのごん	30151
508	1500000000000036091	ゼリーパクパク	30132
509	700000000000045600	ハル	30108
510	500000000000005407	こっぺり	30101
511	1200000000000074474	ぴろめぐ	30095
512	100000000000003627	ゆっぷー＠yuu_pooh_mlms	30091
513	1300000000000004351	イチ	29957
514	1000000000000077180	yuzuriha	29946
515	300000000000037089	シャルロット	29926
516	100000000000097284	tom	29896
517	100000000000005861	大仏	29794
518	1300000000000059121	kei	29771
519	500000000000097144	あきんぬ	29770
520	100000000000087829	ナオヤ	29649
521	800000000000075511	つぴお	29627
522	1200000000000074947	37P	29486
523	1000000000000085494	パイセン	29448
524	200000000000005610	モナカ	29409
525	800000000000056398	νＥＬＳ	29360
526	1400000000000055879	miami38	29343
527	1300000000000061964	Toshi☆	29298
528	800000000000056256	カナタ	29243
529	1200000000000052025	Aisha	29236
530	600000000000007300	o-10	29214
531	1100000000000030178	mAsa	29150
532	100000000000005975	noi	29078
533	1400000000000024500	もぐら OFF 忙しすぎる。自業自得だが。（ULA律子所持）	29071
534	81280	けにたそ	29070
535	1300000000000025154	RLC	28955
536	200000000000011825	あに@相互埋め同僚募集	28854
537	400000000000085634	椎名久遠	28848
538	100000000000096069	こん絶	28749
539	28446	公社	28669
540	600000000000080394	ごっくんぼうや	28635
541	1400000000000052717	Stjb	28633
542	300000000000020314	な王@バイク乗りP	28621
543	95072	アスパー	28524
544	700000000000008736	のきあ	28499
545	300000000000005075	kazuya0	28482
546	1000000000000052915	マツ	28475
547	1100000000000005506	ゆっけ	28455
548	1300000000000032980	ヴァララ	28397
549	1200000000000081257	Hikaru	28390
550	300000000000051918	イソノ	28308
551	1200000000000078743	ライデン	28265
552	600000000000078263	春雪	28240
553	1000000000000079168	でんちゅう	28221
554	900000000000081488	ゆーすけ	28190
555	300000000000046860	geo	28154
556	9855	はるちゃん	28110
557	800000000000007881	おすわ	28089
558	1200000000000083226	とりっP	28046
558	1400000000000081083	msk3	28046
560	200000000000078286	ジュンジュン	28045
561	93975	つるみん	27942
562	1200000000000096717	サイフォン	27838
563	1400000000000018770	shero	27765
564	1500000000000023828	ナノナノ ＠豊川休憩中	27748
565	1300000000000052734	しろばと	27692
566	700000000000072279	とにゃむ	27568
567	1300000000000059997	しろちゃん	27483
568	800000000000016727	葉水	27457
569	1100000000000099896	oldbrg	27432
570	400000000000016011	あーさーP	27390
571	400000000000052152	ふりぃ	27362
572	900000000000076498	イノッタ	27328
573	100000000000100297	綾人	27256
574	100000000000003342	sin1987	27255
575	1400000000000037799	かーず	27226
576	500000000000058381	ジェイコブ	27175
577	1300000000000001932	山陽Ｐ	27164
578	1300000000000019272	水無月	27141
579	600000000000047220	たぬろす	27123
580	390	軽量	27112
581	700000000000085917	折敷	27092
582	50477	クリスズ	27037
583	1000000000000000721	おぱマ	26910
584	900000000000084920	カズキング	26877
585	1200000000000001315	ネイト	26837
586	700000000000001063	ko-chan	26762
587	900000000000035767	旦那ｒ	26743
588	900000000000028925	YUCCO	26736
589	1500000000000097056	マックイーン	26730
590	700000000000016950	くれない	26688
591	1000000000000043373	けんてぃ	26664
592	1300000000000052044	りゅーし	26557
593	98626	へへはろ	26544
594	400000000000013630	ぱぱぱ	26524
595	1300000000000034662	ぎんじ	26494
596	800000000000035472	鉄丸	26388
597	700000000000050913	しょうま	26304
598	1400000000000004126	いぬちよ	26236
599	200000000000003306	よね@のんびり活動中	26222
600	300000000000027321	ハチミツ	26203
601	700000000000050487	ken	26079
602	500000000000003114	ミラノ	26014
603	100000000000004278	ディスガイア	26005
604	400000000000015111	カバディ	25978
605	1200000000000000959	スグリュー	25952
606	1300000000000004275	けんぱ	25878
607	200000000000096046	ブルース(きよっちゃん)	25822
608	1200000000000000350	みやの	25810
609	1200000000000000281	HALT	25734
610	1200000000000001454	真土	25723
611	900000000000006621	如月 たけし	25710
612	1100000000000096895	てくてくペンギン	25561
613	30753	キボネングデコ	25407
614	400000000000002154	.ioa	25406
615	1200000000000095954	カール	25381
616	1100000000000058166	ちいさなさん	25341
617	9847	ライトニング	25332
618	900000000000096843	ケゴ	25311
619	600000000000019041	毘沙門天	25245
620	500000000000001427	ゆーと	25090
621	1500000000000002866	かたなし	25069
622	100000000000004013	うなぎ星	25048
623	76166	ガイスラッガー 要請×	25012
624	800000000000016604	もっちー	25005
625	500000000000020439	Blue-Rain	24988
626	1000000000000014637	ぢるの	24959
627	900000000000086550	はる	24946
628	1200000000000004055	silide	24920
629	1500000000000002933	マグマラシ	24766
630	1500000000000023510	ライオン次郎	24743
631	200000000000097578	なつめ	24709
632	800000000000052000	ばんぞう	24591
633	700000000000099537	Koh@403	24575
634	200000000000078254	アィス	24544
635	1100000000000093568	メシュー	24483
636	800000000000057876	もりソー	24375
637	600000000000026475	11EIJI	24300
638	800000000000077622	潤海	24218
639	100000000000077501	ほむP	24151
640	1100000000000097597	VEN	24145
641	1100000000000049467	胡麻ダレ	24121
642	1200000000000038944	ネス	24099
643	1100000000000014384	さわーとまと	24098
644	1200000000000004268	大チャン@なおひと	24038
645	700000000000005299	達磨大臣	24014
646	100000000000094786	N	23985
647	1200000000000018850	コーリン	23963
648	1400000000000082531	もちに	23947
649	38328	サイカ	23941
650	600000000000096237	ソイソース古田	23807
651	900000000000026956	わ～や	23773
652	200000000000054589	さかき	23758
653	400000000000096887	まちゃもきち	23745
654	1400000000000080536	チャック	23744
655	1100000000000083382	鷹	23709
656	4857	時間	23619
657	1500000000000071474	ピーフン	23604
658	300000000000001019	Ulmia	23469
659	1000000000000074868	ドンペリ	23400
660	400000000000000213	メリア	23394
661	700000000000002075	Tomasson846	23349
662	1200000000000079155	れんびん	23302
663	1000000000000098135	ざわP	23253
664	1200000000000004649	ｷｭﾍﾞﾚｲ	23159
665	900000000000056614	はちのす	22996
665	1300000000000083433	アバドン	22996
667	1200000000000053226	*	22995
668	400000000000006194	にっこっこ	22986
669	800000000000053247	けんとめりぃ	22976
670	400000000000007066	京都	22918
671	1200000000000085317	しお太	22860
672	400000000000081960	コカ・コーラ大臣@Nichola	22854
673	1400000000000003729	ねろ助	22833
674	1400000000000009230	ヒヤシンス	22766
675	900000000000048131	アサキチ	22752
676	900000000000097548	音羽	22747
677	1300000000000079629	hayabusa	22726
678	500000000000007546	紺	22718
679	1400000000000061133	ミキツバ@セキト	22611
680	96013	八九寺	22559
681	900000000000052082	マリス	22540
682	1300000000000076726	しーな	22529
683	100000000000003289	シュウスイ	22479
684	200000000000056165	あもり	22470
685	200000000000074480	●	22453
686	1100000000000076157	きょこ	22359
687	400000000000055919	あれこ	22356
688	800000000000022905	矢須乃介	22345
689	500000000000016142	まっこ	22293
690	1200000000000076534	junn	22251
691	800000000000097551	オタク屋	22245
692	200000000000001009	すっしー@翼単騎道場	22230
693	400000000000004357	ゆディックP	22220
694	700000000000051155	kotya	22180
695	1000000000000034160	ゆっけ	22120
696	700000000000019485	頌也	22080
697	600000000000097681	うずら次郎丸	22068
698	700000000000001698	オイラー	22045
699	200000000000002730	㈲TOM	21976
700	52661	ぜんきょー	21947
701	300000000000045010	ばっさー	21939
702	500000000000083404	西瓜	21882
703	1400000000000055598	卓也	21819
704	1400000000000024962	ＮＡＫＡ	21806
705	1100000000000075080	あけ太	21800
706	600000000000025335	さなぎさん	21785
707	1200000000000077269	トクロ	21780
708	1100000000000005151	ディライト	21779
709	1100000000000057810	｡+☆∫ё¡д☆+。	21720
710	800000000000080182	akifumitt	21688
711	1200000000000075612	あおき	21655
712	200000000000081715	ナストラル	21628
713	600000000000091934	h151011@停止	21594
714	500000000000082270	わたあめ	21563
715	1400000000000011240	テンコ盛り	21464
716	900000000000001817	のまのまのま	21409
717	1500000000000003824	たつ	21398
718	700000000000021486	シキ子	21346
719	700000000000003346	るーきー	21338
720	1200000000000002011	ことり	21331
721	100000000000099289	parr1061	21325
722	700000000000035216	わかみず	21297
723	600000000000096015	かずまん	21284
724	500000000000003925	Gorigan	21260
725	800000000000054171	まほまほ	21225
726	800000000000025138	ジョルノ	21159
727	300000000000045988	杉並区2.5次元Ⅱ	21156
728	900000000000006875	カプラッチャ	21086
729	77932	DICE	21068
730	200000000000005547	アオイホリ@プリズンホスピタル	21038
731	1000000000000067881	シキ毛	21022
732	900000000000098939	ばんちゃん	21003
733	1300000000000011576	茶島	21002
734	200000000000001789	ﾋﾛﾋﾟｰ@in率低め?	20979
735	100000000000009833	なやんす	20874
736	600000000000016087	匿名熱望	20790
736	1300000000000058941	二日酔い	20790
738	300000000000071249	まや	20673
739	1000000000000001020	おけつ	20670
740	600000000000039474	風来	20648
741	1500000000000096221	マドラー	20618
742	100000000000084882	たっくん	20599
743	1500000000000051108	Q901	20544
744	1000000000000015318	トモ	20524
745	600000000000002827	峰華	20486
746	1500000000000058451	123456	20460
747	700000000000086035	ブヨウ	20443
748	300000000000075145	メグミ	20442
749	600000000000001611	SEPT	20411
750	800000000000016349	ヨナシキ	20410
751	700000000000002547	俺P	20349
752	900000000000058715	宮崎 茶	20344
753	300000000000033205	おぎちか	20324
754	500000000000001979	tomo	20302
755	900000000000012192	Ω	20274
756	1100000000000031884	臥瑠獅唖	20143
757	500000000000000833	澪蓮(みれん)P	20135
758	900000000000002972	氷兎P	20096
759	200000000000086035	リッジャーノ	20087
760	500000000000029738	せっきー	20079
761	500000000000078388	原口	20060
762	1100000000000000053	さくら	19960
763	1100000000000008070	みつ	19935
764	300000000000006409	eclipse	19907
765	1200000000000055845	ゆーたろ	19881
766	500000000000002457	ざんし	19865
767	1400000000000023299	かたばみ	19852
768	400000000000085411	はりー	19840
769	100000000000039184	干瓢	19810
769	600000000000008204	フィリー	19810
771	200000000000001734	飴玉	19787
772	1500000000000027634	nackt	19757
773	1100000000000027899	チャン	19751
774	700000000000001284	yam	19743
775	1300000000000000015	Ono(Obotaro)	19722
776	1200000000000055760	井草イクセ	19686
777	62455	ごしゅＰさま	19646
778	800000000000097577	犬	19625
779	1300000000000074261	無頼庵	19585
780	100000000000022726	けい	19579
781	1500000000000096234	fredrika	19571
782	800000000000078449	ロキ	19564
783	300000000000092178	アマルガ	19542
784	1100000000000099311	ジュンP	19535
785	1500000000000098146	いちいち	19502
786	100000000000068210	カン	19425
787	700000000000097822	MTD	19417
788	900000000000054726	きりん	19373
789	900000000000052251	麒麟	19342
790	1400000000000061188	おおば	19326
791	800000000000007115	アキ	19282
792	1000000000000024277	風吹子	19194
793	15491	楼	19152
794	200000000000053896	くろろん	19109
795	200000000000069554	たなか	19102
796	100000000000006662	たぐ	19089
797	1200000000000009943	きっためん	19088
798	12166	しじゅうし@所恵美P	19071
799	700000000000101275	緋音	19031
800	1000000000000099427	イザーレ	19018
801	300000000000046979	ｵﾘｴﾝﾀﾙ	18998
802	700000000000085589	トト	18892
803	100000000000002026	猫目	18849
804	600000000000001845	くっぴー	18833
805	1500000000000050734	よしさ～ん♪	18797
806	200000000000074405	わーひー	18774
807	800000000000013539	odorimasho	18771
808	800000000000074013	街星[支店長]	18758
809	800000000000040336	魔石の槍	18725
810	200000000000031545	ヤマト＠	18703
811	600000000000077028	れいろん	18699
812	600000000000024691	pikardii	18680
813	1500000000000032726	にーにゃ【そして私は傍観者になる】	18668
814	300000000000029945	ビスケ	18666
815	300000000000043174	haruzion	18601
816	300000000000002860	FillSat	18600
817	400000000000052302	ま	18594
817	500000000000004067	キツカワ	18594
819	1500000000000094103	SamMakP	18565
820	1200000000000025530	イベリス	18544
821	85562	おすけ	18522
822	1500000000000003252	オギ	18512
823	400000000000013032	のりす	18487
824	200000000000086042	ケニーG	18451
825	82856	しゃろ	18446
826	600000000000054516	憑猫	18395
827	1200000000000078872	ショウ	18385
828	700000000000073631	kannjinn	18383
829	1400000000000006021	heyho	18372
830	700000000000018901	ノア@我那覇響P	18352
831	1100000000000006838	大泉洋	18203
832	100000000000079928	河童巻き	18193
833	1200000000000006661	you	18192
834	1400000000000006775	ポイント野郎!!!	18183
835	1300000000000010182	なーが	18179
836	600000000000100465	ケイト	18170
837	600000000000072115	Taka	18106
838	1400000000000084811	G@G	18090
839	800000000000038622	lokipao	18037
840	400000000000074481	tomochi	18029
841	1200000000000002176	おまだら	18014
842	100000000000045876	うさぎたろう	17953
843	500000000000010563	木馬兵	17950
844	46791	にこれっと	17942
845	1200000000000036590	くらのせ	17924
846	500000000000085425	たけっつぁん	17920
847	500000000000085872	矢田ピーマン	17904
848	1200000000000004799	templeP	17901
849	400000000000003356	14И3	17896
850	1300000000000100082	Player 1007546829	17894
851	1500000000000007840	nafulu	17881
852	1200000000000098446	ともさと	17873
853	300000000000002683	紫奈（しな）	17844
854	500000000000020786	あやと	17842
855	1500000000000008980	GOTTWOZ	17818
856	600000000000100803	ゆゆゆ	17793
857	59193	阿新	17780
858	500000000000099670	田宮宗一郎	17775
858	1500000000000010290	Blaze	17775
860	1100000000000098812	シンディ	17764
861	300000000000087913	雨傘	17748
862	1400000000000000705	青山零二	17663
863	400000000000073994	ともも	17633
864	200000000000062308	アマスク	17594
865	400000000000096328	ユウ	17539
866	300000000000013094	イザディ	17528
867	900000000000000380	すずしろ	17422
868	800000000000020294	くるーちぇ	17406
869	1500000000000081737	タニシ	17379
870	400000000000026497	黒池	17323
871	200000000000100800	綾鷹A	17271
872	800000000000084561	くろっしゅ	17224
873	1300000000000033238	ユニークラ	17202
874	400000000000094979	Diana	17193
875	400000000000095698	てぃーてとら	17173
876	300000000000015312	りょう	17170
877	1000000000000015802	わふー	17151
878	700000000000093244	あちゅ@chu	17097
879	1500000000000085473	皇帝	17080
880	300000000000097956	おっP	17078
881	500000000000029781	かやのむ	17032
882	1000000000000002744	凸どぅー	16994
883	800000000000084224	もっぴー	16987
884	1300000000000056837	Bauer	16950
885	1100000000000025511	モモハ	16929
886	1400000000000038937	ねここ	16918
887	600000000000097088	つばさ	16909
888	100000000000095407	ココ	16891
889	600000000000077162	あげっちさん	16884
890	600000000000075145	和泉康太＠同僚募集中	16881
891	1100000000000073900	C4D	16879
892	700000000000086997	鈍器	16789
893	1200000000000032921	Litchi	16777
894	600000000000027449	H@NK	16760
895	1300000000000019511	もりりん	16750
896	200000000000051051	蒼い蠍	16711
897	700000000000075489	aaa	16710
898	800000000000081736	らいでぃお	16705
899	100000000000097743	y	16684
900	1400000000000006562	Ｔｅｔｓｕ	16646
901	700000000000052121	ATT	16609
902	400000000000037076	クオン	16582
903	600000000000001507	すし屋のぽたさん	16580
904	500000000000019747	mob_akg	16544
905	300000000000002900	ユウスケ	16513
906	1100000000000007637	L.Shockers	16510
907	1100000000000022382	tachibana918	16497
908	17247	ひろっち	16453
909	900000000000033066	おぶりん	16416
910	400000000000058275	ゴリットソン	16408
911	800000000000032216	つくよし	16400
912	500000000000087813	チョコバー	16378
913	500000000000098426	ベコ	16369
914	500000000000054755	猫寒	16366
915	1300000000000004499	まんじゅう	16307
916	100000000000001930	三才駅P(せんべい)	16269
917	200000000000010793	雲鯨	16242
918	600000000000015201	Twilking	16236
919	1200000000000035473	すいこう	16222
920	600000000000075724	かず	16189
921	1300000000000076714	彰	16090
922	1200000000000000272	あそうぎ	16085
923	1000000000000026728	火鳥泉行	16065
924	100000000000049654	スズ♪★暫くは父親の世話で二重生活…できる時は自発ゲリ連発＆深夜放流	16025
925	1100000000000001207	シンタナ	16015
926	1500000000000044696	ルイ	15991
927	1400000000000046853	関所	15981
928	1400000000000001304	啓	15971
929	700000000000082038	せと	15956
930	700000000000096259	KSM	15924
931	1000000000000004913	ミズ	15914
932	600000000000061298	RGBYGSC	15880
933	1000000000000001263	あずま	15869
934	500000000000003035	kazuki	15806
935	1500000000000013012	だるま	15787
936	700000000000098371	444	15781
937	800000000000086034	しゐへい	15751
938	4079	バス	15714
939	300000000000094863	Steven	15704
940	98856	氷室望夢	15678
941	500000000000000045	朝霧@真ハーレム	15664
942	900000000000005867	シャッチー	15661
943	700000000000078139	リコレット	15650
944	1000000000000022733	うりぽたん	15631
945	1100000000000081666	あずきち	15605
946	200000000000003412	ゆりしゃん	15596
947	6787	ヨシノリ	15570
948	1300000000000081148	オーバー	15549
949	1200000000000075781	サニー	15546
950	50312	かでぃすけ	15529
951	10039	くみこ	15515
952	800000000000077575	スバル乗り	15509
953	1200000000000095911	あらけん	15494
954	700000000000000825	ﾓﾝﾃﾞﾝｷﾝﾄｼﾞｬﾊﾟﾝ ｱｲﾄﾞﾙﾏｽﾀｰ課 課長	15475
955	300000000000078470	のじゅん	15442
956	700000000000058852	ハルヤン<招待は気にせず～>	15428
957	1200000000000099804	なか/かしま	15426
958	900000000000052349	ぱるさん	15420
959	700000000000025849	ブキャナン	15413
960	100000000000091381	けい	15390
961	800000000000035812	ツッチ	15363
962	1100000000000098270	Suido	15306
963	300000000000057981	miwo	15299
964	1100000000000022390	三原色	15288
965	400000000000043229	サカス	15282
966	1400000000000004537	ゆかお　	15272
967	1500000000000003815	祐駕楕諭吉	15250
968	800000000000001311	ヴァディス	15197
969	1400000000000037108	アヤ	15166
970	600000000000024635	いぽい	15162
970	1200000000000003345	芦屋虎之介	15162
972	900000000000007325	ガガンボ	15122
973	700000000000087030	りゆＰ	15114
974	800000000000054442	Wohagi	15082
975	1100000000000082319	ポルノグラフP	15075
976	900000000000051385	ふ～た	15040
977	1500000000000002953	ho	15028
978	600000000000099689	ソーダ	15022
979	600000000000100218	くもじぃ	15015
980	1000000000000080961	tomo	14993
981	1000000000000007922	ソクラテス	14985
982	400000000000037245	くろり	14976
983	100000000000052474	チードル	14957
984	500000000000034804	なお	14898
985	400000000000004363	まっきぃ	14883
986	500000000000007162	もふっこ	14876
987	1100000000000051751	ネリ	14872
988	400000000000005403	you	14839
989	85368	モリキミ	14823
990	1100000000000078762	コタネブラ	14818
991	1100000000000004403	SHOU89	14806
992	1200000000000000134	Lunos	14805
993	300000000000043603	kia【】	14797
994	400000000000012748	tsunamayo609	14770
995	800000000000052614	いず	14752
996	1500000000000056219	のらゆらP	14725
997	1200000000000085535	しお	14719
998	1100000000000033780	ortiz	14694
999	700000000000050343	昴(G3)	14693
1000	600000000000002727	おこめ	14684
1001	1300000000000077229	ダイキ	14675
1002	200000000000098344	NiUM	14584
1003	500000000000052634	のら	14555
1004	300000000000080807	ENDLI9	14548
1005	1000000000000083801	syaorei	14547
1006	600000000000046808	アクエリアス	14546
1007	800000000000095487	フォル	14523
1008	93743	tし	14518
1009	900000000000026541	ﾁｶｼ	14444
1010	400000000000090597	Player 1005607588	14403
1011	600000000000049518	塩大福	14400
1012	15129	くっすん	14399
1012	200000000000052743	カムカムP@勝って兜の緒を締めよ	14399
1014	900000000000008847	いーさん(^-^)ゝ゛	14376
1015	2544	黒猫	14334
1016	2059	〆	14325
1017	600000000000097886	zoe	14306
1018	700000000000076518	NekkiChan	14274
1019	600000000000001651	銀皿	14224
1020	400000000000014650	せきお	14204
1021	200000000000059331	にき	14201
1021	1300000000000074311	ダビー	14201
1023	1400000000000076669	もなりあ	14197
1024	1500000000000073827	にらたま	14193
1025	1500000000000060699	artail	14170
1026	1300000000000051190	リリー	14129
1027	400000000000003250	しのじ	14088
1028	200000000000097995	mitsu	14045
1029	400000000000086285	Di	14028
1030	600000000000035392	ナベ	13987
1031	500000000000096292	えんどー	13887
1032	100000000000050082	智	13845
1033	900000000000022708	なかやん	13832
1033	1100000000000053116	ヤマト	13832
1035	500000000000000240	うにお	13789
1036	1200000000000054299	やっちー	13701
1036	1400000000000080193	ロイ	13701
1038	1500000000000086388	竜田揚げP	13675
1039	700000000000095367	なつき	13658
1040	300000000000087614	にくぴー	13640
1041	400000000000003754	いいだっち	13637
1042	800000000000023109	ウオマサ	13618
1043	5818	シーター	13592
1044	1300000000000052260	宇宙人	13588
1045	100000000000008355	とんぺー	13564
1046	86950	春雨	13559
1047	700000000000091206	とらのたまご	13482
1048	400000000000081064	うま	13445
1049	500000000000001774	レリック	13410
1050	600000000000097427	キアン	13409
1051	300000000000002346	スカル	13367
1052	900000000000044707	Catmint	13350
1053	14459	戯510	13341
1054	1000000000000023085	SHOWGO	13335
1055	500000000000072866	朝露	13331
1056	1300000000000097503	MilaN	13323
1057	1400000000000094587	しゅーと	13308
1058	87105	もんぶらん。	13276
1059	1500000000000029914	～はる～	13232
1060	1500000000000004543	へっぽこ	13189
1061	200000000000041861	あきら	13187
1062	800000000000036474	どち	13128
1063	1100000000000094208	ヴォテ	13084
1064	300000000000009813	wktksan_	13064
1065	100000000000071821	もちまつり	13061
1066	1300000000000023184	gurga	13050
1067	1400000000000004628	野原＠千早貯金中求)千早のみ出)他HN	12991
1068	300000000000076911	Sanson	12954
1068	1200000000000006695	ＰＯ＠ほんとはみんなと一緒にYYしてみたい♪	12954
1070	200000000000012246	テッシィ	12912
1071	1400000000000052626	わい	12911
1072	400000000000073681	崔丸	12864
1073	100000000000049164	ハムスター	12845
1073	1200000000000001561	タケノコー	12845
1075	100000000000073297	とーや	12833
1076	1300000000000080107	REDTAIL	12798
1077	1400000000000049065	こすもす	12797
1078	300000000000056162	サネモチ	12693
1079	1500000000000093123	黒弟にこりょ	12676
1080	86646	カワック	12669
1081	1200000000000096557	ryoo	12651
1082	100000000000027651	はる	12625
1082	100000000000081106	ぽよ	12625
1084	1500000000000083014	桐生 銀弥	12586
1085	600000000000006700	rk9523	12575
1086	600000000000073774	とらゴリ	12560
1087	1500000000000051756	にいやん	12548
1088	300000000000078496	とりすた	12538
1089	300000000000037811	綾取り	12500
1090	800000000000027453	お餅	12487
1091	1200000000000000259	こばると	12467
1092	800000000000050990	aiki	12447
1093	700000000000004127	dai	12435
1094	1100000000000094672	とーおか	12419
1095	1100000000000033991	ソラ	12416
1096	500000000000086619	yuki	12412
1097	1200000000000097590	Nicolas	12392
1098	700000000000081382	metal mania	12376
1099	1300000000000079358	ゴクス	12362
1100	1300000000000020549	しょ～ぢ	12359
1101	1200000000000096158	のざらし	12344
1102	200000000000083601	Axel	12342
1103	900000000000030965	ノヴァ	12339
1104	200000000000054259	無駄	12337
1105	1000000000000022554	kei	12321
1106	1500000000000018233	?船長	12320
1107	1400000000000085736	こすを@踏み台	12314
1108	300000000000082836	た	12300
1109	1400000000000054912	kim	12292
1110	1100000000000050421	奈倉	12290
1111	200000000000100555	石虎凛	12249
1112	600000000000001077	99【勝ち越しホームラン!!】	12195
1113	1200000000000073132	ichi	12170
1114	300000000000085295	零	12167
1115	300000000000022441	ワンス(カープ応援中)	12163
1116	400000000000080810	はす	12158
1117	1000000000000001391	お茶	12156
1118	1000000000000006127	まやや	12144
1119	500000000000008769	madoka@BMD相互・海美	12096
1120	700000000000050418	黒奈	12082
1121	1400000000000005131	るるる	12032
1122	1200000000000001824	ひらへい	12030
1123	300000000000007235	ゆきろん	11991
1124	300000000000073568	セイ	11914
1125	500000000000057153	亘	11866
1126	900000000000077037	大和610	11828
1127	200000000000031278	ちょこ	11824
1128	700000000000075168	zaemon	11816
1129	100000000000009601	麦茶	11808
1130	800000000000013105	ろまね	11801
1131	700000000000005800	ヒロリン	11780
1132	1100000000000079140	烈輝	11776
1133	500000000000002518	千夜	11769
1134	1500000000000007358	薫る風	11763
1135	1000000000000010126	もっち	11752
1136	200000000000000633	DEEP	11744
1137	600000000000099108	ハザザ	11742
1138	1200000000000060896	elder	11725
1139	300000000000037469	最上 静香	11712
1140	1300000000000083899	ｐｐｐ	11704
1141	400000000000058568	906	11693
1142	300000000000097273	まさなり	11688
1143	500000000000026582	しんどー	11647
1144	1000000000000041738	saki	11633
1145	700000000000029957	下愚のばぱる	11620
1146	600000000000008583	コウ	11585
1147	800000000000078596	ないん	11576
1148	100000000000042094	子猫P	11559
1149	300000000000086214	まっさん	11529
1150	100000000000003938	ちーうー	11501
1151	1300000000000007890	シロ	11491
1152	400000000000000251	てんくら	11482
1152	700000000000000557	カナリアP＠大和撫子道場	11482
1152	1100000000000061935	ばなな	11482
1155	700000000000036715	かないしゃ	11459
1156	1400000000000086074	金魚蜂P@桃子先輩の踏み台	11455
1157	1400000000000002443	小次郎	11446
1158	1000000000000097963	チョコん	11417
1159	1400000000000030417	フェイトTハラオウン	11415
1160	100000000000083467	スギヤンmax	11404
1160	1300000000000001666	neylon	11404
1162	1200000000000091662	政駿	11361
1163	100000000000050991	デスなおぽん	11331
1164	900000000000003814	ゆきじるし	11315
1165	900000000000011114	ほうでん	11292
1166	500000000000003238	みっくも	11284
1167	200000000000010170	sasahira	11265
1168	1000000000000008107	87shoP	11251
1169	1400000000000001014	サンキューSP	11232
1170	400000000000000399	ダイヤモンド田中	11219
1171	200000000000098653	Narita	11179
1172	400000000000019548	T,K	11175
1173	600000000000050764	ハム	11169
1174	1300000000000055110	ゆゆまる	11159
1175	1200000000000069246	きらきらりん	11155
1176	1400000000000075666	こおりあめ	11134
1177	1500000000000043237	なかみはら	11123
1178	800000000000037919	Wildeyes	11092
1178	1200000000000077471	五十嵐	11092
1180	1400000000000001757	ニボシ	11080
1181	1400000000000000104	ヨチコ	11062
1182	87434	さど×まよ	11059
1183	500000000000097151	アレス	11052
1184	200000000000056020	ジット	11051
1185	700000000000078124	萩乃	11049
1186	100000000000061695	雷電	11045
1187	500000000000097430	ぬーもちょ	11040
1188	1400000000000083047	くとり	11029
1189	800000000000029961	エンカー	11016
1190	59091	鶉	11008
1191	200000000000096865	時々眼鏡	11005
1192	1400000000000076721	Shin	10998
1193	800000000000093148	明	10984
1194	59330	ねおっぴ	10972
1195	400000000000050786	ふなえもん	10935
1196	1400000000000080558	ヨシ	10929
1197	1300000000000096918	単四電池	10895
1198	1400000000000029996	きんぎょ	10877
1199	200000000000081074	響夜	10860
1200	900000000000000043	Ｄｅｎｋｅｃｙ	10857
1201	800000000000004059	たけひろ	10826
1202	100000000000041536	ポコ	10815
1203	1000000000000054322	絶刀 天羽々斬	10810
1204	700000000000098331	Gai	10807
1205	200000000000094870	ちろ	10803
1206	300000000000098520	パール	10741
1207	1300000000000080417	ガイヤ	10725
1208	200000000000009655	ぴぴ	10715
1209	300000000000058509	LIBROS	10707
1210	1200000000000002502	しらたきＭＯＫＯ！！	10684
1211	800000000000018660	ねこた	10656
1212	900000000000050886	かみえ	10652
1213	1400000000000101342	おつぎ	10645
1214	100000000000005227	りんどう	10620
1215	1400000000000100401	あどこ	10590
1216	101091	くろごま	10570
1217	1000000000000053344	だるま屋	10556
1218	1400000000000097298	すごあるな	10540
1219	200000000000075220	イアン	10491
1220	1000000000000029163	ああs	10486
1221	1300000000000008389	lordcrimson	10476
1222	900000000000006800	もずく	10471
1223	600000000000041282	マッキー	10465
1224	900000000000080526	ツナ缶	10461
1224	1400000000000047508	ウミヒト	10461
1226	900000000000091008	キョン子	10438
1227	1100000000000077883	虚弱な孔雀	10413
1228	1300000000000098172	よねぴーや	10384
1229	1500000000000081218	よーか	10328
1230	1000000000000100479	にじ	10289
1231	1400000000000022983	武田蒼一	10272
1232	300000000000076836	断空我	10261
1233	700000000000023168	(雛σωσ)	10243
1234	16687	おのっち	10232
1235	800000000000095618	がし	10212
1236	1500000000000009889	レボ(ReBo)※新しいスマホ買い換えたよ	10193
1237	100000000000052559	凜	10182
1237	1300000000000000644	なばと	10182
1239	600000000000074595	ザキM@S 手作りのぶどうかんから本物の武道館へ	10166
1240	400000000000078584	みのむし	10164
1241	1400000000000098415	エンター	10160
1242	1400000000000096444	倉里	10124
1243	1400000000000046114	マニゴルド	10106
1244	500000000000019057	どすこい喫茶@ウチ姫66763434	10099
1245	500000000000097788	にんじん	10088
1246	1500000000000005702	Ｄ.ゆたか	10069
1247	1500000000000023604	あやりんP@琴葉法被企画中	10058
1248	746	おーた	10050
1249	700000000000062283	抹迷助	10037
1250	1000000000000024631	まる	10032
1251	100000000000030567	えどがわ	10030
1252	1000000000000007335	AWACS	9998
1253	1000000000000056194	Hibiki	9989
1254	96487	ゆっこまん	9977
1255	14065	ひふみ	9920
1256	700000000000016679	コニー	9915
1257	1000000000000006781	としやん	9906
1258	200000000000094847	トッティ	9885
1259	1100000000000030719	master	9845
1260	500000000000003440	創作（ソウサ）	9844
1261	400000000000100804	ガチョウ	9829
1262	1400000000000052268	キミドリ	9824
1263	1000000000000008923	キラメキ	9816
1264	300000000000005514	こぱん	9796
1265	1000000000000006742	手乗りタイガー	9784
1266	700000000000036209	ユキ	9760
1267	1300000000000101484	芒腹	9757
1268	1200000000000024567	Zack	9720
1269	100000000000060438	わわ	9717
1270	1000000000000098491	ナボナ	9697
1271	600000000000041428	ハジメ	9672
1272	500000000000098053	久瀬	9661
1273	1200000000000079354	じょー	9658
1274	1000000000000002769	ナンジャラ	9647
1275	600000000000001056	けもあき	9640
1276	1400000000000081776	mpcarc	9603
1277	75163	成月	9594
1278	300000000000094874	earth	9592
1278	1300000000000002226	もふ	9592
1280	100000000000085540	いそしぎ	9582
1281	500000000000057317	ごーすと	9550
1282	500000000000063730	らいなぁ	9543
1283	900000000000023010	トン	9542
1284	800000000000016085	くみちょう	9541
1285	600000000000049815	stein	9540
1285	800000000000034008	わんだー	9540
1285	1300000000000003379	影兎	9540
1288	1200000000000084184	ほんでぃ	9527
1289	1500000000000073987	さら	9498
1290	600000000000000949	のっと	9460
1291	100000000000013620	えlさ	9454
1292	500000000000037155	ｻｲﾋｮｰ	9449
1293	79235	えびもと	9443
1294	700000000000006814	オナガ	9419
1295	600000000000098301	ガビィト	9410
1296	300000000000013428	源蔵	9407
1297	600000000000096254	ヒラタツ	9406
1298	600000000000092988	VSR-10	9402
1299	1000000000000024343	こめ	9394
1300	1100000000000096332	ミサエル	9385
1301	800000000000062781	ひろP	9373
1302	1100000000000050731	いが	9346
1303	1000000000000073977	紅茶派	9243
1304	300000000000094791	らじか	9217
1305	1400000000000030628	静希	9203
1306	1300000000000072804	ウーパー	9195
1307	93513	茶太郎	9183
1308	200000000000011822	お茶好き@taxi	9176
1309	500000000000078946	Takuya  Lee	9157
1310	200000000000082756	manecat	9140
1311	1300000000000075903	Seung Jae Lee	9130
1312	200000000000039817	ソード	9120
1313	600000000000061571	16回切りが出来そうな人	9119
1314	300000000000099634	くじら	9107
1315	9536	ゆい	9088
1316	1000000000000062282	ryouochix	9082
1317	1100000000000061673	くまモン	9075
1318	600000000000001719	庶凡	9066
1319	800000000000048927	└(└^ο^)┘狐┌(^o^┐)┐	9042
1320	100000000000030646	ホリデイ	9027
1321	700000000000068216	きょうへい	9018
1322	1100000000000003459	なべお	9000
1323	600000000000041583	ハマーン	8985
1324	400000000000030993	かめ	8982
1325	600000000000095798	鋼鉄の処女	8980
1326	100000000000056900	うみゆめ	8954
1327	900000000000055639	しうす	8940
1328	1000000000000098175	からーこ	8896
1329	800000000000003108	小蓮	8875
1330	1100000000000003261	ゾエP	8871
1331	1300000000000074721	ユライア	8839
1332	200000000000098509	しのぶ	8837
1333	500000000000001127	鞠雛影葉	8832
1334	900000000000081262	サトシ６５	8808
1335	81037	ｲｰｹﾝ	8792
1336	200000000000051116	ひげまるP	8789
1337	600000000000014643	木村木村木	8788
1338	100000000000023702	☆mamichan★	8781
1339	800000000000002342	みわ	8746
1340	300000000000067806	nock	8729
1341	900000000000000390	Ｍｒ．４	8726
1342	500000000000054081	遥かなる蒼	8723
1343	1200000000000083336	真美・にこ・ダイヤとTAKAの仲間達の部屋	8650
1344	1500000000000056680	あらあら	8645
1345	500000000000013978	ZTAR@秋月	8635
1346	34256	クトゥス	8619
1347	600000000000050293	Kanely	8611
1348	300000000000050936	コウ	8593
1349	1500000000000019628	Lan@らんと読みます	8591
1350	500000000000052280	agito5	8590
1351	200000000000057275	水餅	8585
1352	1200000000000055441	風見鶏 翠	8568
1353	300000000000100770	ちえりす	8566
1354	400000000000054608	おくとん	8561
1355	600000000000057620	hiradon	8538
1356	500000000000095052	ドム_ニコニコ	8527
1357	500000000000055658	ももも	8524
1358	100000000000083393	庶務	8523
1359	500000000000076604	rmkn	8491
1360	91690	やしゃ	8490
1361	900000000000008238	くったり	8457
1362	500000000000049580	めろりん	8448
1363	700000000000028082	じじわーちん	8438
1364	500000000000097458	リリー	8352
1365	900000000000026735	たかは神	8336
1366	800000000000097248	Air	8331
1367	100000000000087372	海P	8328
1368	1200000000000097549	Kou	8324
1369	400000000000077674	みぃ軍曹P	8308
1370	400000000000052109	RUGGER	8300
1371	700000000000080513	のぶたし	8287
1372	300000000000075218	シャイリー	8286
1373	900000000000092976	ちゅん	8274
1374	500000000000006869	似鳥悠	8269
1375	1500000000000080267	むむむ	8256
1376	200000000000002818	ベンジャミン	8252
1377	300000000000026516	あさやん	8247
1378	1000000000000001803	朽木孔竜	8228
1379	100000000000097633	エノシマ	8223
1380	1300000000000052616	ばるきゅりあ	8208
1381	200000000000083589	照山	8207
1382	200000000000074383	エルザム(ﾉｰﾏﾙ+)	8194
1383	1000000000000094812	しゅうへい	8120
1384	1300000000000091689	ひろたん	8074
1385	1000000000000032354	著著利GUESS	8073
1386	700000000000080607	奏P	8059
1387	94238	よーろー	8041
1388	800000000000009989	けー	8034
1389	600000000000097828	きしわきじじ	8027
1390	800000000000050617	カイン	7991
1391	1200000000000023462	カビギン	7960
1392	600000000000057592	ドンガメ	7922
1393	600000000000003292	Zuckey@Twitterにいます	7890
1394	58834	麗華	7875
1395	1300000000000083672	あきにぃ	7872
1396	700000000000005284	ばーた	7859
1397	1200000000000023308	イソップ	7853
1398	1400000000000002746	ウサギ	7830
1399	1500000000000004649	けんと	7829
1400	300000000000080156	ピカリン	7807
1401	62070	かっこ	7793
1402	1400000000000020408	ギンさん	7759
1403	100000000000030354	まこやん	7752
1403	1200000000000071262	タテ	7752
1405	700000000000094597	メイツ	7746
1406	500000000000007631	坪倉凛	7736
1407	400000000000096383	ken1623	7688
1408	1000000000000000173	草々	7683
1409	200000000000005782	か～ねるん	7677
1410	1400000000000044034	ろんP	7670
1411	400000000000076450	Mako	7665
1412	300000000000090229	晴れ晴れ	7661
1413	400000000000076991	おハロ～さん	7659
1414	99391	ゆきを	7658
1415	1200000000000025664	黒羽小紋	7657
1416	600000000000000866	ナスっこ	7656
1417	900000000000098986	Cherno	7651
1418	500000000000003131	みやと	7632
1419	100000000000003231	伝助	7631
1420	1100000000000058347	72羊	7625
1421	1100000000000077653	グルコサミン	7601
1422	100000000000097092	ナン	7600
1423	300000000000057399	藤やん	7582
1424	1300000000000007312	エヴァネス	7574
1425	400000000000051977	カズ	7568
1426	800000000000061910	飛翔	7557
1427	1000000000000078020	オモイカネ	7547
1428	1300000000000100596	Player 1007848653	7532
1429	500000000000099022	事務員	7521
1430	1400000000000002202	MAXX3	7518
1431	600000000000077097	nogz	7504
1432	1100000000000024945	kagenori＠美希狂＠ばくしといふ愉悦	7492
1433	200000000000080041	newgreen	7490
1433	1300000000000000217	絢月	7490
1435	1300000000000043139	レックス♪温泉の露天風呂!紅葉が見頃o(^o^)o	7440
1436	200000000000051998	かざみあきら	7431
1437	300000000000084984	霧ヶ峰	7415
1438	600000000000062389	ィーヅカ	7401
1439	800000000000005468	ツクモ	7400
1440	600000000000050718	キミツ	7389
1440	1200000000000085756	蒼い韋駄天	7389
1442	200000000000046095	みのる（アイマス仲間募集中( ´艸｀)	7372
1443	200000000000011471	青春の光	7354
1444	400000000000008875	ランスロット	7344
1445	1100000000000029653	hig＠shi	7343
1446	300000000000034530	アサケン	7328
1447	500000000000054427	にゃんと3939	7310
1448	700000000000020490	±ゆ	7309
1448	1300000000000086740	ngr2	7309
1450	1500000000000031181	lotte	7305
1451	600000000000012651	C.A.Zeppeli@4th全日程参戦	7302
1452	1400000000000006526	ﾌｫﾙ	7300
1453	1500000000000002090	Kyoju	7296
1454	300000000000055714	ポルコスピーノ	7292
1455	700000000000058113	マコト	7274
1456	400000000000004140	さんく	7271
1457	1500000000000007242	リックン	7270
1458	300000000000005067	きんたろう	7235
1459	1000000000000023772	赤いきつね	7222
1460	900000000000001046	ぺりかん	7219
1461	1200000000000034627	ペリドット《》	7187
1462	100000000000038032	なめこ＆たらこがたべたいです。	7175
1463	1500000000000000106	ディス	7165
1464	400000000000005508	アフター	7158
1465	400000000000096828	ぷのん	7156
1466	13666	特撮が好きですが、なにか？	7152
1467	1000000000000092835	SAYAKA	7137
1468	900000000000097612	UーHA	7112
1469	500000000000093956	Hisa	7078
1470	1500000000000088234	ケンショウ	7076
1471	1300000000000000131	茨衣駆	7063
1472	900000000000007670	ゆりを	7035
1473	500000000000006747	Puccaリボン	7027
1474	1200000000000095471	レフトガード	7015
1475	1100000000000097714	mochico	7013
1476	900000000000082377	KAZU	7008
1477	400000000000052211	うさぎロール	6997
1477	500000000000006517	ZAX	6997
1479	900000000000096465	T田	6991
1480	1000000000000097278	くろしば	6986
1481	1000000000000014867	ya	6976
1482	700000000000086083	ユーリ	6970
1483	100000000000046071	nao	6969
1484	1000000000000097692	ひかり	6966
1485	300000000000094162	ハムサンド	6958
1485	300000000000097744	あとらす	6958
1487	200000000000097611	タクヲ	6947
1488	300000000000003443	超合金	6941
1489	600000000000095583	まぁ	6908
1490	1000000000000042511	sinsou	6893
1491	17817	たみぃ	6888
1491	1400000000000082487	朝倉	6888
1493	900000000000010094	赤羽2nd	6879
1494	800000000000032466	めがね	6878
1495	300000000000060848	ちゅんのすけ。	6876
1496	1300000000000028724	えく	6845
1497	1400000000000098546	じゅーろーた	6844
1498	500000000000004505	雅柳	6826
1499	800000000000010694	ピピン板橋	6818
1500	800000000000002089	まえすけ	6800
1501	1100000000000071434	かやま	6799
1502	100000000000059326	katakataka	6785
1503	300000000000099948	クマナメ	6771
1503	800000000000024577	アニオタ	6771
1505	700000000000031910	ヤリイカ	6762
1506	12569	HIRO	6760
1507	200000000000036944	けん坊	6755
1508	1300000000000057209	いとぅー	6748
1509	84448	tenkun	6743
1510	500000000000011360	BURGER	6727
1511	1300000000000080985	スミレ	6724
1512	1300000000000053770	進撃のにょわにょわ	6715
1513	900000000000050477	ぴ～(o・∇・o)	6706
1514	900000000000017261	放浪カモメ	6701
1515	600000000000097005	ロイズモイ	6671
1516	700000000000000113	Sirataki	6661
1517	300000000000092845	ぱか	6650
1518	1300000000000082169	ユタポン	6647
1519	1100000000000004286	ユーリカ	6643
1520	600000000000049274	S.N	6637
1521	500000000000081767	カーター	6619
1522	100000000000006878	Ｚａｎｋ	6609
1523	1300000000000098907	siki	6606
1524	200000000000002565	tau	6600
1525	100000000000099745	微冰半糖	6584
1526	86028	りんりん	6577
1527	600000000000019478	ワーク	6552
1528	1200000000000081322	～桜花～	6540
1529	400000000000061217	藻	6538
1530	700000000000083536	ユルグ	6527
1531	200000000000057503	うめこうじ	6507
1532	1300000000000004246	ある	6505
1533	1400000000000017318	C5PO	6494
1534	700000000000050635	ジャムズＰ	6481
1535	800000000000029616	リオンレーヌ	6480
1536	800000000000033886	よこやまなおき	6475
1537	100000000000096217	utumuki	6448
1538	900000000000045685	zeroP@同僚募集中	6437
1539	1200000000000013597	プレコ	6428
1540	600000000000044680	Muteki_Link	6417
1541	200000000000084641	碧羅	6415
1542	600000000000076983	ピノ	6414
1543	85394	運命のジョーカー	6401
1544	500000000000096574	おすし	6386
1545	700000000000004463	たけのこ	6376
1546	1000000000000001143	キクオウ	6375
1547	100000000000000756	たいつ	6373
1548	200000000000029947	ｸﾗｳﾄﾞ	6367
1549	1500000000000076960	あさひ	6343
1550	500000000000093396	autumn	6341
1551	1500000000000094146	おねってぃ	6310
1552	800000000000033944	えとやん	6303
1553	800000000000098441	toto	6300
1554	1100000000000021943	てぃん	6299
1555	1100000000000082856	語りかける	6287
1556	4396	くずもち	6264
1557	1200000000000056987	みーシャ	6257
1558	800000000000001291	ミソカツ	6251
1559	700000000000078137	shino	6249
1560	600000000000100005	電光値	6229
1561	500000000000009597	Keg	6228
1562	1100000000000020580	こかとりす	6205
1563	1500000000000003274	oyansu	6200
1564	1000000000000097138	tkp	6198
1565	100000000000086906	鉛筆	6193
1566	100000000000091307	Wing	6192
1566	1300000000000037537	光子	6192
1568	200000000000079594	mark	6186
1569	400000000000099100	ちよかえ	6182
1570	1400000000000030523	ｵｰﾉ	6156
1571	700000000000049263	弟切	6152
1572	200000000000100574	はるぺそ	6151
1573	700000000000012667	ドリル齋藤	6150
1574	200000000000051028	some music	6132
1575	1000000000000022426	プレゼント	6128
1576	800000000000046075	なな	6125
1576	1000000000000097204	くみちょー	6125
1578	400000000000053902	×　紗雪 まったりちゅ～(*´∇｀*)	6122
1579	1100000000000002458	ハセリ	6096
1580	1200000000000073929	枇杷お	6090
1581	1500000000000097761	ヒデ	6086
1582	100000000000100774	sakurana	6081
1583	1200000000000094154	まっちゃん	6080
1584	23226	ヤカン	6054
1584	1100000000000097492	さとっち	6054
1586	1000000000000085836	見斬り	6053
1587	100000000000072035	ハミィ	6045
1588	800000000000003980	てらてら	6024
1589	800000000000094179	さくや	6012
1590	1000000000000005660	ryu	5995
1591	600000000000061030	ワタハ	5979
1592	700000000000020623	えーす	5978
1593	200000000000054130	きゅあやんきー☆	5976
1594	1354	だれか@プロデュース中	5974
1595	100000000000052122	おんじ	5971
1596	700000000000053964	ヒロ	5959
1597	100000000000008944	オーバー40	5957
1598	600000000000045807	ｶﾞﾘｭｰ	5952
1599	200000000000009256	ハロン@響P	5923
1600	900000000000094299	しずく	5907
1601	1200000000000004137	どむっち	5899
1602	700000000000074503	α	5894
1603	1100000000000100052	やまだ	5890
1604	900000000000086396	アトリ	5889
1605	1500000000000050494	シダ	5870
1606	1300000000000076781	ロベルトうちの	5867
1607	1400000000000000003	aka3kichi	5863
1608	1000000000000049110	虎壱	5860
1609	600000000000091270	ぺっけたん	5857
1610	100000000000086846	えむあい	5834
1611	1500000000000054125	はいだ	5832
1612	1400000000000003593	ひめつば	5829
1613	700000000000000210	ゆー	5826
1614	1400000000000082626	サーナー	5813
1615	300000000000086237	はらら	5812
1616	900000000000075225	バンディエラ	5796
1617	900000000000098947	cocoa^ω^	5792
1618	79793	norix99	5777
1619	1400000000000096151	まつもとさん	5769
1620	400000000000022291	ばおり	5760
1621	1000000000000002504	リビドー７	5742
1622	1500000000000004586	たっつー	5734
1623	400000000000095529	リョウ	5732
1624	400000000000093005	でんぼω	5720
1625	500000000000082867	Player 1004708245	5705
1626	1200000000000038358	愛敬P	5702
1627	200000000000085628	ゆっきー	5690
1628	800000000000094770	トシ	5681
1629	1300000000000074013	Tatsuking	5656
1630	800000000000000856	nagisalove	5652
1630	800000000000099370	バム	5652
1632	1000000000000001430	ヒロ～ン	5632
1633	200000000000059578	LOG	5624
1634	200000000000006768	(泣)	5607
1635	600000000000077348	GSDF	5594
1636	700000000000051006	いろいろ	5593
1637	97050	りけ83	5590
1638	1400000000000068257	kidball	5586
1639	1200000000000001046	Ext	5572
1639	1500000000000055070	サボテン	5572
1639	1500000000000079940	T-ホーク	5572
1642	413	みつらぁ	5571
1643	1200000000000085409	あるこん	5570
1644	1300000000000000228	ししとう	5558
1645	400000000000083719	神崎真	5554
1646	600000000000079448	青藍・コバルト	5533
1647	300000000000098099	クゥネル	5525
1648	400000000000076759	とがわ	5523
1649	1300000000000026613	たけし	5520
1650	900000000000072912	慶野	5506
1651	1400000000000085364	うみみ	5505
1652	900000000000053140	エイキチ	5504
1653	1300000000000014095	ヒロキ	5496
1654	7760	なきぃ～	5491
1655	200000000000003184	きほいる	5483
1656	1400000000000052431	ユウ2	5474
1657	1200000000000050104	コーヘー	5469
1657	1400000000000085061	そると	5469
1659	500000000000093315	十式	5465
1660	1100000000000094209	known	5459
1661	400000000000097821	tazz	5451
1662	500000000000016598	10:00	5449
1663	1300000000000004940	Ken	5446
1664	400000000000027423	(サイ)    協力にかんしや  m(_ _)m	5429
1665	400000000000013236	ちくわ(ん)超多忙ちう(T ^ T)	5418
1666	600000000000000250	罵詈雑言	5415
1667	100000000000062872	ゆっきー	5414
1668	1400000000000097059	grandfa	5412
1669	700000000000002420	yuk_k	5409
1670	200000000000097172	ひのみさき	5397
1671	1000000000000056542	雪	5387
1672	400000000000091319	シュン	5380
1673	500000000000096637	ぺい	5351
1674	1400000000000096823	まさたか	5349
1675	300000000000014192	コジコジ	5330
1676	1400000000000060675	たかあき	5323
1677	1300000000000098620	ひどらじん@同僚さん(　´∀｀)ゞ ｲﾗｯｼｬｰｲ	5322
1678	1100000000000003064	chorus	5317
1679	61629	ほっちゃん	5313
1680	1400000000000007100	武ちゃんは17歳P	5298
1681	600000000000030250	tmng00	5286
1682	200000000000078401	ラエラ	5282
1683	800000000000049292	レオン@HHP相互埋め募集中	5278
1684	1100000000000040689	アサギリ	5267
1685	500000000000074942	ＥＧＧ	5257
1686	400000000000077604	ヒヨシ	5247
1687	300000000000096137	永毒輔	5246
1688	700000000000073874	あさがお	5233
1689	1000000000000024898	きよもり	5230
1690	100000000000006092	美凜	5229
1691	78078	snow@ngel	5227
1692	1300000000000000148	たかしょー	5225
1693	700000000000081602	buse3	5221
1694	1100000000000084456	chicalm	5218
1695	600000000000083458	ニオビスト	5210
1695	800000000000094809	かっちゃそ	5210
1697	1300000000000053699	flat(ふらっと)	5203
1698	1100000000000037832	ミルギース	5194
1699	100000000000009908	りんと	5182
1700	1100000000000075732	Murasame	5180
1701	200000000000097749	毬藻	5174
1701	600000000000087917	じょん	5174
1703	700000000000079976	まさき	5172
1704	1300000000000088142	まつこ	5171
1705	1000000000000082265	アスベル	5168
1706	1300000000000080691	湯	5166
1707	19966	a	5144
1708	500000000000055759	コココ	5141
1709	600000000000050548	ホワイト	5132
1710	1100000000000005912	きりんさん	5130
1710	1200000000000086259	なおのすけ	5130
1712	1000000000000030472	hanbee	5129
1713	500000000000006094	馬超	5120
1714	600000000000094754	highHARU	5104
1715	1400000000000100775	はるのり	5098
1716	500000000000080717	白栗	5097
1717	1500000000000086022	りーふぇ	5096
1718	1500000000000059031	ケンボー	5092
1719	300000000000056347	マッツ@一撃厨	5067
1720	1400000000000029328	サイダー	5056
1721	700000000000000513	結弦	5049
1722	1500000000000051394	逢鍵	5035
1723	500000000000097713	刺身	5032
1724	600000000000077883	ソーチ	5019
1725	1300000000000096365	Y'n	5017
1726	700000000000096232	ツバサ	5016
1726	800000000000028903	とーでん	5016
1728	700000000000047500	mmrc	5015
1729	1000000000000079457	みんちょ。	5014
1730	100000000000098145	ドゴザガゾ	5006
1730	1100000000000100789	マロノン	5006
1732	1300000000000079292	しもきょー	5005
1733	400000000000082451	ikr	5001
1734	1200000000000009406	羽霧はるか	4998
1735	1100000000000009668	ζ*'ヮ')ζ<るの	4995
1736	500000000000050848	オカリン	4989
1737	100000000000074811	チグノ	4976
1738	1400000000000062011	餅々	4968
1739	800000000000074440	ヒゲチョコ	4960
1740	600000000000025824	月見蕎麦	4959
1741	1400000000000082492	とむ	4955
1742	900000000000030709	るち	4935
1743	400000000000014164	かわかわＶ	4931
1744	36220	びあーど	4930
1745	400000000000004252	カギナ	4926
1746	700000000000082208	赤い一撃	4922
1747	800000000000079593	urk	4920
1748	900000000000094322	あかみ	4913
1749	500000000000076089	ぶる3	4905
1750	600000000000073068	らいあっと	4892
1751	400000000000057474	もるきょー	4888
1751	800000000000080377	ヤスヤス	4888
1751	1200000000000008786	きたきつね	4888
1754	100000000000096661	やよかず	4879
1755	100000000000004692	赤い狐	4865
1756	500000000000078900	ミクミ	4850
1757	800000000000034020	うどん	4843
1758	1200000000000085002	よしのん	4840
1759	800000000000043127	TOMI	4837
1760	700000000000083805	カレンデュラ	4823
1761	1300000000000098501	白くじら	4818
1762	300000000000030357	にえんて	4815
1763	600000000000027730	はるか♪	4811
1764	1400000000000060896	オムレット	4804
1765	500000000000003508	エクセルシオール	4801
1766	1500000000000003727	SOUL	4794
1767	100000000000058257	箱々	4767
1768	300000000000012303	用水路の妖精	4764
1769	200000000000052208	風使い	4746
1770	400000000000060954	きり	4743
1771	1200000000000086725	SGK	4739
1772	700000000000085762	ゴエ	4737
1773	700000000000016065	めんべい	4707
1774	300000000000094789	豆乳屋	4706
1775	200000000000055822	ぎふと	4692
1776	700000000000100573	Mirucchi	4686
1777	1500000000000071444	おたま	4676
1778	1400000000000100234	txc	4669
1779	700000000000081800	タカハス	4660
1780	300000000000051862	ぐうりんだい	4657
1780	1400000000000096404	林芳樹	4657
1782	600000000000025000	スノードロップ	4648
1783	400000000000096027	あか	4643
1784	900000000000097017	えん	4634
1785	900000000000050486	シマ	4625
1786	11735	ダイボノ	4593
1787	1400000000000007186	あ	4584
1788	100000000000021920	ちもこ	4578
1789	900000000000011282	けんざぶろーちょっと釣りをお休みしますm(__)m	4559
1790	500000000000033502	あるも	4554
1791	1100000000000032790	白☆	4547
1792	60192	北風bbha	4536
1792	200000000000098057	水淵	4536
1794	800000000000020555	シャカリキ	4522
1795	400000000000096262	タツミ	4520
1796	600000000000084253	まぁ～ちゃん	4514
1797	100000000000013027	はとぽ	4505
1798	900000000000003583	シャナ	4503
1799	1100000000000001913	あつめますよ	4494
1800	900000000000060882	tei9999	4477
1801	100000000000098893	みうら	4452
1802	400000000000096876	Ben Yau	4446
1803	100000000000080806	Aucuba	4439
1804	1100000000000005060	あだるさ	4435
1805	1100000000000096830	浅野 翔哉	4406
1806	1500000000000080630	ソラアオ	4405
1807	600000000000000633	タコ@お疲れモード	4404
1808	300000000000006575	ふたば	4389
1809	1100000000000011076	あにあに	4385
1810	600000000000003240	あかげ	4380
1811	1300000000000046167	ぐっさん	4378
1812	100000000000024701	あきパッチ	4368
1813	1000000000000020834	ナツメ	4365
1814	700000000000069956	ジーマ	4363
1815	100000000000074424	バッキー	4362
1816	200000000000000959	アゐス	4354
1817	500000000000061851	マスオ	4352
1818	400000000000051322	10ta	4351
1818	700000000000009920	NAVY	4351
1818	1500000000000026228	雪丸	4351
1821	1500000000000062336	ぐんないめあ	4350
1822	900000000000099857	秘音	4347
1823	700000000000012080	ザン	4334
1823	1300000000000085597	アベニュー	4334
1825	100000000000054957	空翔	4324
1826	400000000000094322	あざーす	4314
1827	700000000000080027	PEKUTOUSAN	4311
1828	1500000000000085186	exippei	4304
1829	800000000000080620	さも	4292
1830	700000000000088542	あかさび	4283
1831	200000000000076000	てん	4270
1832	200000000000001302	ばっくす	4268
1833	400000000000085229	phen	4260
1834	500000000000079462	テラコヤス	4258
1835	600000000000095877	BASHI	4250
1836	1200000000000080952	ずかもと	4243
1837	100000000000078354	チチガタ	4242
1837	1100000000000100881	Player 1008294523	4242
1839	1300000000000101264	くらかけ	4237
1840	1200000000000046997	ランプキン	4227
1841	600000000000100906	Derehet	4226
1842	200000000000088568	ミツナリッチ	4225
1843	900000000000077389	ベック	4216
1844	300000000000098853	TKAZ	4204
1845	1300000000000007066	マイケルコウ	4196
1846	1000000000000004691	タンカー	4192
1847	200000000000009061	ぐっじょぶ	4176
1848	900000000000076995	kao	4175
1849	1100000000000013086	りん	4168
1850	1400000000000077844	Ｋ２	4141
1851	1100000000000082326	spiral	4135
1852	700000000000086092	名無し	4132
1853	100000000000100281	AnnaP	4121
1854	600000000000092990	k.s	4112
1855	1400000000000046683	beezlegrub	4098
1856	500000000000096731	ブラッキー	4085
1857	100000000000026172	skta14	4069
1858	200000000000099032	ヅんヂン	4058
1859	300000000000057924	鷹津	4049
1860	700000000000061765	narutara	4043
1861	1500000000000051364	りある	4039
1862	800000000000085319	みみりん	4036
1863	84341	カカシP	4026
1864	1100000000000003002	Besucher	4016
1865	600000000000045808	9646	4008
1866	300000000000086942	P	4006
1867	1300000000000098826	ナギ	3985
1868	1100000000000002651	かぷり	3972
1869	1100000000000007975	お湯	3956
1870	1300000000000050974	久遠	3940
1871	1200000000000073936	メロス	3936
1872	800000000000015746	ゆんヽ／	3923
1873	1500000000000093427	きゆー	3921
1874	100000000000098790	グローリア	3920
1874	900000000000085743	霧雨リンドウ	3920
1876	800000000000093071	Akari	3911
1877	600000000000100223	64	3904
1878	1300000000000062215	ルミカ	3899
1879	800000000000042472	クロン	3867
1880	500000000000091669	エンペラ	3866
1881	900000000000099155	えいす	3859
1882	400000000000002151	アックア	3857
1883	1100000000000004420	white head	3855
1884	400000000000086723	iris	3851
1885	27812	ガーベラ	3834
1886	200000000000050192	さっつ	3831
1887	77509	ささもと	3830
1888	300000000000081745	クーニャ	3812
1888	1400000000000054237	ちくわ大明神	3812
1890	1100000000000051766	たなは	3810
1891	300000000000005852	いたちょ	3779
1892	500000000000094210	Player 1005999781	3778
1893	400000000000007910	あきP	3774
1894	300000000000005289	あゆ	3773
1895	800000000000087820	紅葉*偶数月活動	3768
1896	77929	ラル	3762
1896	300000000000000829	Earthia	3762
1898	400000000000052491	オルビー@果たして俺の勉強不足	3755
1899	1000000000000052328	neeem	3750
1899	1500000000000050716	がれ	3750
1901	1100000000000099359	衣笠	3744
1902	100000000000007535	つぶあん	3741
1903	800000000000099187	めいでん	3735
1904	600000000000051748	スコーン	3729
1905	1300000000000053301	Garion	3726
1906	500000000000020258	おかもト	3725
1907	80914	未来完了	3717
1908	1300000000000029773	アレス	3712
1909	100000000000010107	ことば	3700
1910	1100000000000014004	danch	3696
1910	1400000000000061332	海本	3696
1912	1000000000000020620	Orif	3689
1913	800000000000027508	青き炎の解放者 戦獅子P@VG好きの律子P	3681
1914	500000000000097568	かべ	3680
1915	600000000000040308	やまやまたん	3677
1916	85739	nashiwow	3675
1916	500000000000055778	ふるるん（弦）	3675
1918	200000000000086322	那亞瑠	3673
1919	98722	さえ	3671
1919	700000000000031822	まーぼ～	3671
1919	800000000000016098	タルト	3671
1922	98352	ガッツ	3666
1923	300000000000098244	かのん	3663
1924	400000000000008942	KKND@同僚募集	3660
1925	300000000000085304	ターキー	3645
1925	1100000000000080700	mizuishi	3645
1927	400000000000059315	ふたば	3644
1928	300000000000044057	かずき	3642
1929	300000000000096714	ひかるん	3640
1930	1500000000000057362	ふりーむ	3637
1931	600000000000072678	みゃんまー	3623
1932	100000000000056747	yonku882	3618
1933	700000000000003598	ファントム	3616
1934	200000000000051381	うりぼう	3615
1935	100000000000075741	ラーマ	3614
1936	800000000000007642	PYU作	3605
1937	1400000000000097573	タイペイ	3591
1938	1300000000000098045	らて	3588
1939	1300000000000100750	メガネ猫	3587
1940	800000000000071257	ふぁんとむ	3583
1941	500000000000099308	かるでら	3574
1942	700000000000091445	イナバP	3568
1943	1300000000000083089	レナユー	3563
1944	800000000000056641	浸透	3543
1945	67717	カシム	3542
1946	1100000000000091208	らすの	3540
1946	1300000000000098150	まてぃ	3540
1948	1500000000000046446	ますと	3538
1949	900000000000074073	latteP	3537
1950	1000000000000083835	えふず	3519
1951	99572	ヴぁん	3515
1952	700000000000084043	ぬしゃ	3513
1953	900000000000051387	光軍	3507
1954	100000000000062951	フライ	3503
1955	300000000000098869	emblem	3502
1956	100000000000078918	ながやん	3499
1957	300000000000079326	さくらん坊	3485
1958	900000000000087629	ドライオン3	3474
1959	1100000000000005550	いなやま	3471
1960	700000000000087586	nickname	3467
1961	1300000000000093644	kazami	3458
1962	700000000000034764	テッペイ	3454
1963	300000000000011540	MANDIARGUES	3451
1964	600000000000056093	シュン	3450
1965	58896	トーマス	3438
1966	1400000000000000843	qun	3436
1966	1500000000000013668	紅	3436
1968	1400000000000005782	ひらやす	3435
1969	96595	diarut	3434
1970	700000000000000111	カンバラ	3431
1971	700000000000081172	ナンプラー	3424
1972	1200000000000099385	あずき	3420
1973	600000000000076324	ささのり	3409
1974	1500000000000002180	みや（PeachStyle代表）	3404
1975	700000000000079466	ArKLupin	3401
1976	1000000000000005190	ちぇしゃ	3400
1977	300000000000052245	じゃあ	3396
1978	600000000000084185	よっぴい	3386
1979	900000000000073287	ペクチ	3381
1980	300000000000061867	supakani	3380
1981	98486	トミリー	3379
1981	1000000000000052902	でれぼ	3379
1983	4360	おとこまる	3375
1983	1200000000000008494	ムンムン	3375
1985	200000000000091555	Player 1005621506	3363
1986	1300000000000077963	ひろろん長官	3360
1987	1200000000000046827	MATASAWA37	3356
1988	400000000000001120	ひこの	3344
1989	1100000000000058244	いなやま	3338
1990	400000000000097573	ひつじ	3316
1991	1000000000000095916	kv.jr	3310
1992	1500000000000054815	ひなた	3298
1993	100000000000038741	泡を吹く狂戦士  センチメンタル木戸修(17歳)	3297
1994	100000000000055185	うさこ	3293
1995	800000000000091552	yamahi	3288
1996	700000000000100355	とのに	3282
1997	1100000000000005383	若葉	3280
1998	600000000000006108	びーる	3279
1999	1300000000000013032	蛤	3270
2000	1000000000000061664	枝	3268
2001	1300000000000095336	でるたま	3261
2002	200000000000049023	Nagi	3254
2003	300000000000097474	ジッロ	3247
2004	500000000000001240	カズ(イン率低下します)	3241
2005	800000000000081445	HaRi	3225
2006	800000000000068557	アイソン	3213
2007	1400000000000063598	星立	3206
2008	1200000000000001789	ネティクス	3204
2009	200000000000012930	黒猫柳～暇人～	3194
2010	600000000000004934	森っち	3192
2011	900000000000038171	jiro	3187
2012	300000000000085220	紅葉	3184
2013	500000000000077032	koshi	3183
2013	800000000000000116	焼豚プリエ	3183
2015	1000000000000098172	神鬼@	3177
2016	1400000000000082585	KENT	3175
2017	700000000000004191	はるぱぬ	3172
2018	1200000000000096206	txexp	3169
2019	57646	takenoko型魚雷	3164
2020	300000000000078969	mnhr24	3163
2021	1500000000000097343	籠原	3150
2022	1300000000000087014	なっぱ	3148
2023	1400000000000009128	さわ	3146
2024	900000000000072208	Popofu	3134
2025	600000000000098997	シオン	3128
2026	600000000000061277	オックン	3115
2027	1500000000000005836	シェルパ	3109
2028	500000000000080956	Holy	3103
2029	800000000000050562	れどてん	3096
2030	17709	△ぬっくん 乙※相互割愛よろしく(-人-;)参戦&お誘いありがと～(^o^)/	3094
2031	300000000000056139	可奈翼美希	3093
2032	97578	ともやん	3092
2033	300000000000001408	gouzou	3090
2034	1400000000000100790	ツカサマン	3077
2035	1200000000000086456	ラットル	3075
2036	1100000000000004889	みかぜ	3066
2037	100000000000000208	もばげい	3065
2038	900000000000085784	Player 1005062809	3062
2039	700000000000098094	たけくら	3060
2039	1400000000000060045	ひだか	3060
2041	600000000000078283	笹蒲鉾	3058
2042	1200000000000086131	でぃあ	3049
2043	1000000000000083615	ソイソース	3033
2044	600000000000034545	ひろ野武士☆[布団]ョД`*)☆	3029
2045	1100000000000050132	かずき	3025
2046	500000000000004266	つかさ	3005
2047	92206	もこもこ	3004
2048	900000000000072197	やぎ	2993
2049	1400000000000086405	いろはす	2992
2050	700000000000034700	ファイ	2976
2051	400000000000044519	怪盗メロポン	2960
2051	400000000000087671	りあり	2960
2053	700000000000015432	あかつき	2952
2054	300000000000000238	カエル	2949
2055	1100000000000014132	yahagi	2946
2056	100000000000039211	ハセ会長	2944
2057	1000000000000084769	ゆうくん	2941
2058	800000000000096671	Solmalia	2939
2059	1500000000000004244	アルロイド	2936
2060	60323	Xanavi	2922
2061	1300000000000069631	ゆう	2916
2062	700000000000078563	ボン	2909
2063	800000000000097639	せみかん	2897
2064	700000000000079564	トン	2896
2065	400000000000036857	桧月	2895
2066	1400000000000006429	fatrap	2890
2067	700000000000100904	あ氏	2889
2068	1500000000000012987	来栖川芹香	2888
2069	1100000000000000824	ぶれいぶ	2886
2070	500000000000077415	すふれ	2885
2071	5932	まいける	2880
2072	100000000000042265	さとにゃん	2860
2073	800000000000092996	HB懸賞	2854
2074	1500000000000061667	klom555	2853
2075	1500000000000004111	ｱﾌﾟﾘｺｯﾄ	2848
2076	100000000000007659	トリツギ	2845
2077	1500000000000077607	よしりん(･∀･)	2835
2078	1200000000000050456	Long	2831
2079	900000000000082323	アリス１９	2829
2080	1300000000000099378	ぺむぺむ	2824
2081	300000000000007163	Ｏ－ｔｏｋｕ	2820
2081	1100000000000082054	零	2820
2083	1100000000000098313	mar。	2815
2084	83498	あへきの	2814
2085	1300000000000093631	ゆきんこ	2813
2086	200000000000008293	runa*	2812
2087	100000000000100792	いっぺぇ	2810
2088	100000000000010674	シン	2809
2089	1000000000000096572	ももの	2806
2090	1400000000000098874	izuki	2799
2091	200000000000085996	DC	2798
2092	400000000000085183	ばぶるす	2788
2093	300000000000000240	sc29	2784
2094	1500000000000007356	いなみ	2782
2095	700000000000073459	えふ	2752
2096	1300000000000034388	あだだちくん	2743
2097	1100000000000094246	わたA.I.E.N	2742
2097	1500000000000079311	サーモン将軍	2742
2099	500000000000045230	ぁゎゎ	2737
2100	654	wtnb	2736
2101	900000000000099955	砂糖菓子	2729
2102	1300000000000050501	bigtree	2721
2103	1000000000000001721	クロード@烏	2720
2104	900000000000007004	BAR!	2712
2105	400000000000077887	しゃれあむ@やっぱり杏奈はかわいいよ！	2708
2106	100000000000052566	かしま卜電	2697
2106	300000000000002288	和風P@同僚募集中	2697
2108	200000000000086831	デルター	2695
2109	800000000000087618	しーや	2691
2110	1400000000000023407	シアン	2687
2111	300000000000005343	くろがね	2686
2112	1100000000000004620	頑張るマン	2682
2113	92033	みかつき	2681
2114	1100000000000007290	10mo	2675
2115	1500000000000008354	ししゃも	2672
2116	800000000000002246	ゴウジン	2670
2117	500000000000064759	まっすー	2667
2118	100000000000011604	だねこ	2645
2119	73271	ペス	2641
2120	700000000000030637	ふーみゃ	2634
2121	200000000000024845	ふ	2633
2121	1000000000000061779	むら	2633
2123	600000000000002369	むほーまつ	2626
2124	1000000000000056560	セルバ	2625
2125	500000000000081148	らすくまん	2620
2126	1400000000000097500	ざわ	2615
2127	1000000000000024627	だいすけまる	2614
2128	83862	CAT&LOCK	2610
2129	1300000000000007261	ぼうちゃん【】	2608
2130	200000000000006276	sands	2606
2131	1500000000000045900	澤P	2600
2132	400000000000075169	煎餅。	2595
2133	900000000000040364	オッドボール三等軍曹(未來) 絡むのが苦手な人間	2591
2134	1400000000000028679	シンヤ	2585
2135	1000000000000078295	Golacat	2581
2136	600000000000075902	えくれあ	2580
2137	100000000000079043	スカラ	2575
2137	300000000000080950	オルト	2575
2139	200000000000008334	マリア…これでいいんだろ？	2562
2140	1100000000000079811	Player 1002595163	2561
2141	500000000000020703	みょんきち	2545
2141	800000000000100515	Player 1008263256	2545
2143	100000000000031757	キヨコ	2532
2144	1300000000000065193	shoplifter-a	2520
2145	700000000000100437	Player 1007759799	2518
2146	700000000000027088	ゆりちょめ	2504
2147	100869	わっちゃ	2499
2148	300000000000032562	天城龍慶	2497
2149	900000000000011705	Valmanway	2490
2150	900000000000085725	こめっち	2486
2150	1200000000000028782	コウキ	2486
2152	600000000000013968	あおゆう	2478
2153	1000000000000096742	わかメ	2461
2154	200000000000099682	将軍	2453
2155	400000000000075822	Nikko	2451
2156	87515	伊吹☆諒	2446
2157	700000000000004325	alex	2434
2158	1500000000000051690	Bee	2424
2159	500000000000095932	ガンバル	2423
2160	900000000000078664	雨宮 天	2420
2161	900000000000081796	ねるねるねるね(ねるねP)	2419
2162	1100000000000062332	ゆうき	2416
2163	600000000000080129	なす	2412
2164	500000000000000484	いんべる	2407
2165	800000000000007134	NEMO	2405
2165	1300000000000087353	白	2405
2167	800000000000100479	林志琳	2400
2167	1500000000000095023	どすこい	2400
2169	55179	ブラック	2394
2170	900000000000003319	とらこ	2393
2171	100000000000081857	さとP	2387
2172	1100000000000099360	アルパーク	2382
2173	1100000000000091652	Mashiro	2373
2174	1200000000000005383	まつたく	2370
2175	1300000000000010327	チュウジ	2366
2176	200000000000004236	toofoo	2364
2177	300000000000084955	前森数規	2363
2178	1300000000000095576	Berlioz	2360
2179	700000000000074353	あめ	2356
2180	200000000000094185	ヒロッキー	2355
2181	1300000000000029800	ARI	2348
2182	600000000000096081	レイヴン	2347
2183	900000000000078143	征魔	2346
2184	600000000000016506	サム	2340
2185	800000000000060494	比翼の鳥	2333
2186	100000000000074302	ないと	2327
2187	300000000000073953	C.C.	2324
2188	1500000000000032290	ゆうひ	2313
2189	1300000000000036118	仮面＠麗花さんP	2310
2190	800000000000100555	メセヘレ	2306
2190	1300000000000099711	れきぃ	2306
2192	300000000000004845	やなぎ	2300
2192	1400000000000027945	ムー	2300
2194	1100000000000099276	のんたん	2292
2195	1300000000000096219	HoneyNoen = YuHanKim	2290
2196	1100000000000073533	ryu	2289
2197	600000000000000262	ピヨソ	2286
2198	100000000000000513	しえすた	2279
2199	1100000000000100342	イソ50	2262
2200	700000000000100016	瑠音	2257
2201	300000000000079893	hassy	2255
2201	400000000000023904	IMR-765-S.KISARAGI	2255
2203	400000000000097720	たっく	2250
2204	80973	pavane	2245
2205	1200000000000022522	ベジコ	2235
2206	300000000000080028	Player 1004252259	2233
2207	700000000000002184	バージョンアップ	2232
2208	300000000000057517	浜面	2229
2209	400000000000052779	Mellreal	2228
2209	800000000000095937	キドニー	2228
2211	500000000000079768	冷や麦	2227
2212	1100000000000082098	τみかん	2225
2212	1200000000000099576	にゃんまる	2225
2214	1300000000000013827	わんわん	2224
2215	1100000000000015625	チャルト	2203
2216	1400000000000047744	しずくさ	2199
2217	1400000000000069607	Sejou	2188
2218	72571	リュウサン	2181
2219	1400000000000045900	Nao	2177
2220	85289	BB	2176
2221	31972	トーナ	2173
2222	200000000000068343	中	2172
2223	700000000000002000	aster	2166
2224	600000000000006405	ライ【off】	2165
2225	1400000000000095465	butch	2158
2226	800000000000061510	しょっぴー	2156
2227	500000000000095037	rip	2155
2228	900000000000097175	イリ	2154
2229	100000000000062717	るな	2144
2229	900000000000096733	Player 1006527401	2144
2231	700000000000054222	nayutagamer	2142
2232	1000000000000087096	たれぱん	2139
2233	1500000000000010613	ミラニスタ	2137
2234	1500000000000100860	Player 1008213679	2136
2235	1200000000000041485	nekononikki	2134
2236	200000000000019208	蛇鬼皇	2132
2236	1000000000000006977	ケン	2132
2238	700000000000000623	創夜	2129
2239	500000000000080035	sword	2120
2240	600000000000098048	Kai	2111
2241	1000000000000019827	サドラーズ	2105
2242	300000000000088954	カルピス	2103
2242	600000000000049928	キルト	2103
2244	1200000000000019628	たまご(協力仲間に感謝☆）	2087
2245	400000000000000150	澄義	2086
2246	100000000000079252	多津夜	2085
2247	800000000000073020	tanku	2081
2248	1400000000000098227	窓際のカーテン	2080
2249	1000000000000083000	はおちー	2079
2250	800000000000081791	青汁大尉	2068
2251	500000000000045400	ゲソさん	2062
2252	600000000000076211	Medhurst	2061
2253	100000000000061883	門馬悠生	2053
2254	1400000000000101340	ゆきな	2050
2255	1200000000000095574	のりす	2046
2256	600000000000082610	Blackphone	2036
2256	1400000000000003305	有閑Jazz	2036
2258	800000000000097298	かる	2032
2259	1300000000000029340	ぱっそう	2029
2260	800000000000042036	ヒイロノサムライ	2025
2261	800000000000080581	こてつ	2022
2262	100000000000077287	クロホタル	2020
2262	1300000000000085808	鹿之介	2020
2264	800000000000085293	しゅうへい	2016
2265	99415	Player 1007319552	2015
2266	500000000000077429	なんしー	2013
2267	1400000000000001852	にく	2007
2268	300000000000082136	ひつまぶし	2005
2269	1200000000000055792	FIAT	2003
2270	1100000000000087061	清五郎	1996
2271	400000000000043592	あげはち	1995
2271	500000000000097309	みるそに	1995
2273	500000000000022429	よう	1994
2273	600000000000099762	luka	1994
2275	900000000000002875	セブ	1989
2276	100000000000080854	bonafides	1987
2277	1100000000000008770	まさ☆☆【よね吉団】	1986
2278	600000000000079790	sui-un	1982
2279	400000000000021567	たかや	1981
2279	400000000000099592	かわた	1981
2281	1200000000000041687	すとんこ	1977
2282	1200000000000099936	ひなお	1976
2283	500000000000097703	セシール	1975
2284	1000000000000053336	魂魄 妖夢	1962
2285	400000000000034255	ヨッシー	1958
2285	600000000000037190	ktktktre	1958
2287	1200000000000001767	otokadnoym	1957
2288	400000000000000055	ノア	1956
2289	1300000000000016813	真吹雪	1955
2290	1100000000000099271	カタツムリ	1951
2291	49342	なかりん	1950
2292	1100000000000099157	キャナメ	1946
2293	300000000000003773	のほほん	1942
2294	900000000000023387	ゲキ	1940
2294	1100000000000061949	yowamushikid	1940
2296	1200000000000004406	帷/とばり	1938
2297	800000000000002623	土門	1935
2298	1400000000000094683	両頭蛇【生肉興業:越後番所】解珍	1934
2299	400000000000076732	ヤマチャン	1932
2300	700000000000006143	オカちゃん	1925
2301	700000000000004636	かわいち	1924
2302	300000000000062101	ローバー	1918
2303	200000000000072454	キャベツ	1917
2304	900000000000062858	どんぐり	1913
2304	1400000000000076310	日ノ円	1913
2306	500000000000059674	ぷろい	1904
2307	1100000000000099596	綽名999	1898
2308	400000000000096722	りょう	1892
2308	800000000000035258	ﾙｰｼｨ	1892
2310	1000000000000098441	コザクラ	1886
2311	1200000000000096216	きゃみ	1882
2312	83872	LANGTAL	1868
2313	200000000000080513	もく兄	1867
2314	1100000000000060836	晃	1862
2315	700000000000085886	九条綾瀬	1859
2316	100000000000000832	龍・R	1852
2317	800000000000098993	ヨウスケ	1850
2318	300000000000099825	Pro	1845
2318	500000000000033366	げん	1845
2318	1100000000000040069	ゆずき	1845
2321	1100000000000025434	ロルリカ	1840
2322	1500000000000009555	アーサー ランク	1828
2323	600000000000088201	すらりん	1817
2324	1200000000000081351	綾人	1815
2325	400000000000019471	霜月七歌	1812
2326	800000000000098270	タカ	1811
2326	1400000000000019730	やなぎー	1811
2328	300000000000043889	taka	1809
2329	94037	ハヤシ炒飯	1807
2330	800000000000081967	ak	1802
2331	800000000000059777	FFF (^^)	1800
2331	1400000000000081249	エラリー	1800
2333	1300000000000091806	たっちゃん	1796
2334	300000000000073254	タコデイジー	1793
2335	100000000000086997	天月隼太朗	1788
2335	1500000000000100420	タザキ	1788
2337	3857	じーじょ	1783
2337	1100000000000007115	野々村	1783
2339	700000000000041907	のりまろ	1782
2340	1300000000000079359	Miluku	1776
2341	900000000000077088	安部	1773
2342	800000000000098325	パパ*ご協力ありがとうございます♪	1770
2343	600000000000051288	Masa	1766
2344	40919	とぅり吉	1762
2345	200000000000016327	>゜))))彡	1760
2346	1200000000000003185	文月リライト@ちなヤク	1759
2347	400000000000004402	ショウタ	1758
2348	1200000000000072360	おけいはん	1755
2349	700000000000088471	蟹	1753
2350	1300000000000098582	つつじ	1751
2351	300000000000100363	あすか	1745
2352	900000000000079776	くにさん	1744
2353	900000000000077738	トマト	1736
2354	1500000000000000880	ザキザキ	1730
2355	1200000000000097342	キルシー	1728
2356	600000000000096436	おやつ	1727
2357	800000000000097147	SKNK	1723
2358	400000000000059986	lipton	1722
2359	1200000000000037653	atuuy	1716
2360	800000000000066550	M.R.	1714
2361	200000000000097824	nonta	1712
2362	100000000000007383	りゅーりゅ	1708
2362	100000000000055769	gut	1708
2364	400000000000031910	たー	1704
2365	800000000000009793	ナガタ	1698
2365	1200000000000004378	大吉松	1698
2367	1500000000000032329	ちりげ	1695
2368	1500000000000011439	セイバー	1694
2369	1100000000000074824	さそり	1690
2370	1200000000000100705	取得できませんでした	1688
2371	100000000000078741	セツナ	1685
2372	700000000000100864	あやざむらい	1684
2373	100000000000007065	弟思いの矢車	1682
2374	1200000000000098833	ボン	1678
2375	300000000000096158	らうにあん	1675
2376	1500000000000052659	山田	1673
2377	100000000000008376	鯨P	1670
2378	1200000000000001806	Uターン	1663
2379	800000000000089329	うぃんぐ	1660
2380	400000000000000597	くれは	1653
2381	93692	とつか	1647
2381	100000000000090055	しき	1647
2383	300000000000100688	高麗人参	1645
2384	1200000000000052684	ひぃ	1642
2384	1400000000000087062	みっちん♪	1642
2386	1100000000000006765	パン太	1640
2387	100094	クラウン	1637
2387	200000000000100258	Player 1007695426	1637
2389	1400000000000094569	しま	1634
2390	300000000000008233	ＴＥＮ	1631
2390	1300000000000086908	りりす	1631
2392	400000000000052289	YozoraP	1625
2393	1100000000000048476	ミフィコ★超多忙(T＿T)	1622
2394	700000000000095416	IOG	1618
2395	600000000000096866	よっしー	1616
2395	800000000000000106	伝千	1616
2397	97258	京介	1613
2398	6924	mofu	1612
2398	500000000000011811	ねぎ	1612
2398	600000000000081586	なべ	1612
2401	900000000000004417	タクチー	1607
2402	700000000000000055	tabuchi3	1604
2403	1300000000000101372	銀曜日	1601
2404	800000000000055160	えりんぎ	1600
2405	1300000000000032383	せり@自分中心、極端な 利己的考え	1596
2406	700000000000087574	まや	1593
2407	700000000000003766	もりまる	1592
2408	500000000000009952	にゃもし	1591
2408	1400000000000069906	桐維@インテリスタ	1591
2410	1400000000000085446	ボンボン	1587
2411	900000000000076880	tales	1585
2412	600000000000053646	いいは	1582
2413	300000000000096167	ta_alphonse	1581
2414	564	メネル	1570
2415	1500000000000004160	ダンプティ	1569
2416	100000000000054332	有里	1552
2416	1400000000000048389	ナチュレ	1552
2418	1814	ぶらぴ	1549
2419	100000000000050932	虎	1541
2420	96634	WoLF	1536
2420	600000000000017644	のん	1536
2422	400000000000001031	竜太	1517
2423	21911	マコトン	1496
2424	1200000000000074359	alma	1494
2425	100000000000096388	ぐう畜チック	1490
2426	300000000000003959	タケちゃん	1488
2426	500000000000080690	妖魔	1488
2426	1100000000000011636	まっつん	1488
2429	1100000000000007648	４号艇	1481
2429	1200000000000097591	koro	1481
2431	1500000000000027499	やんまゆ	1475
2432	26081	メダカな魚	1474
2433	900000000000050148	iho	1471
2434	1100000000000095720	S	1469
2435	1400000000000007217	日夜‐ひよ∞(体調不良・アプリ招待×)	1466
2436	25109	とまとじゅーす	1465
2437	1400000000000072412	まりも	1464
2438	1300000000000020465	WT	1463
2439	1100000000000096077	カモカモ	1459
2440	1400000000000006741	ひよまめ	1458
2441	600000000000100941	タマトス	1457
2442	1000000000000043253	白炎	1456
2443	500000000000088396	OR	1454
2444	700000000000085881	まちあ	1453
2445	1500000000000095124	毘 ё ∬アグちゃん∬  ♪   1000  龍ё	1449
2446	600000000000006900	みや	1440
2446	1300000000000053141	土田つちのこ	1440
2448	800000000000078556	カスコ	1436
2449	1000000000000099223	Jones	1430
2450	36540	moka	1428
2451	300000000000056693	マスオ	1425
2452	1500000000000025240	にゃんちゅう	1424
2453	400000000000085652	M.A.S	1418
2454	99544	ぐりんがむ	1412
2455	400000000000096150	はるっち＠アイヲウタエ	1401
2456	700000000000086234	琴阪 有馬	1397
2457	1400000000000075413	しちみ	1392
2458	800000000000083134	はちなな	1391
2458	900000000000100724	11’s	1391
2460	1400000000000000433	くるくる	1389
2461	400000000000046886	ワラキア	1383
2462	300000000000009488	紅蓮	1381
2462	700000000000003969	カレチ	1381
2464	100000000000090920	qqq	1377
2465	200000000000082606	くめふじ	1374
2466	1000000000000083651	せつな	1371
2467	7057	すわこ	1363
2468	800000000000099214	ノコノコ	1358
2469	200000000000097046	万字丸	1357
2469	1200000000000094734	fumi	1357
2471	1100000000000085546	Player 1005037835	1355
2472	700000000000100391	キャップ	1349
2473	1500000000000083533	racLT	1347
2474	65546	mi_nakano	1346
2475	500000000000010305	Roli	1344
2475	600000000000079831	鯨	1344
2477	1000000000000037753	mitarashi421	1338
2478	500000000000074499	Bee8	1335
2479	1100000000000078644	お餅	1334
2479	1400000000000050449	海蛇	1334
2481	1300000000000101482	GEN Cio	1331
2482	100632	crast	1330
2482	500000000000079923	兎将軍	1330
2482	900000000000092523	みちたロンドン	1330
2485	1300000000000033382	きみきみっち	1329
2486	300000000000095429	ごなーるえふ	1326
2486	700000000000008117	gausho	1326
2488	100000000000000291	ホイップ	1321
2489	600000000000098206	風和	1320
2490	300000000000099771	ラルド	1318
2491	100000000000095392	べんべん	1317
2492	800000000000074819	夏希	1315
2493	600000000000082093	ぴよすけ	1312
2494	400000000000077400	じゃんじゃかいも	1309
2494	1000000000000000167	心人	1309
2494	1300000000000078181	ジェイソンちゃん	1309
2497	41136	シゲル	1308
2497	600000000000097478	Kimono	1308
2499	800000000000098783	アキラ	1306
2500	1300000000000009750	umie	1301
2501	1000000000000098179	かつきい	1298
2502	13177	noriben	1296
2503	800000000000095341	ぺん	1288
2504	600000000000051475	たれ耳白兎	1285
2505	200000000000062065	一刀＆しお	1280
2506	200000000000003448	きき	1278
2507	63073	やまこふ	1275
2508	300000000000099724	チャー州MEN	1272
2508	900000000000100294	むーつー	1272
2508	1300000000000076914	zzz	1272
2511	100000000000096049	おかか	1262
2511	1000000000000041747	GI	1262
2513	1500000000000100797	真実の赤	1261
2514	800000000000008409	ねこのせなか	1258
2515	1500000000000035082	1号	1257
2516	500000000000060189	Nob	1256
2517	200000000000076502	しんたる	1255
2518	400000000000033816	えどがわ	1251
2519	1100000000000000148	YKO	1248
2520	700000000000095244	白原杏	1244
2521	47128	よぽぽい	1242
2522	700000000000057388	yu:ki	1241
2523	400000000000081931	宮ちゃん	1239
2523	1400000000000002472	大吟醸	1239
2525	1300000000000028958	うみんつ	1237
2526	200000000000001649	咲P	1234
2526	1200000000000093083	響@みゃーかわ	1234
2528	1521	れじあいす＠	1230
2529	1100000000000098163	げん	1228
2530	300000000000073409	ブルー	1226
2531	700000000000042335	ポテチ	1224
2532	700000000000080974	ひみゆり	1220
2533	1500000000000100994	RUKI▲ブランドー	1217
2534	1300000000000080244	ひでと	1212
2535	800000000000093799	果糖	1209
2536	400000000000001786	モヘ	1205
2537	1300000000000083588	ふつくそ	1204
2538	1100000000000057562	ゴート	1197
2539	300000000000091122	月詠	1196
2540	500000000000100085	黒猫	1190
2541	1100000000000086309	海苔	1188
2542	300000000000085530	たんたん	1184
2542	1300000000000094530	やまびこ	1184
2544	77955	まこ	1182
2544	900000000000086491	Player 1005156249	1182
2546	300000000000099897	おかか	1180
2547	82443	おまえ	1176
2547	800000000000098594	卯月	1176
2549	700000000000082274	J4CKSh0rtY	1175
2550	200000000000024635	怪人かえる男	1171
2551	1000000000000004419	鮭延	1166
2552	700000000000086938	Kヒロ	1164
2553	1500000000000005504	迅雷	1162
2554	1300000000000047437	まさしょう	1161
2555	500000000000016940	6号	1158
2556	1300000000000080454	つきみ	1154
2557	200000000000097763	メロソ	1152
2558	500000000000002679	ちゃ素	1151
2559	700000000000047781	あき	1150
2560	400000000000100930	YUTO	1148
2561	1100000000000096836	観月	1146
2562	700000000000073239	きなこ	1144
2563	1100000000000098895	おやびんﾀｿ	1142
2564	400000000000033639	ボロンゴ	1141
2564	1100000000000099539	リョウタP	1141
2566	1000000000000096309	ロスト	1139
2567	1400000000000007951	カナリア	1128
2568	800000000000079295	十六夜	1118
2569	1500000000000092666	五色	1116
2570	1500000000000096972	あおしめ	1111
2571	900000000000011115	ﾄﾞｩﾑ	1110
2571	1500000000000097549	クロージャー	1110
2573	1000000000000088183	えだまめ	1109
2574	700000000000098170	serits	1106
2575	1000000000000096053	Steven	1102
2576	800000000000070036	シオン	1101
2577	1100000000000001880	うちなー	1100
2578	300000000000098950	蓋付	1088
2579	1500000000000086439	SHOU3056	1087
2580	1400000000000010474	葉皇	1085
2581	1500000000000086901	M@SCON	1082
2582	1500000000000076719	カプレーゼ	1078
2583	600000000000049776	まー	1075
2583	900000000000001036	ベイス	1075
2585	400000000000010206	マジカル少女みかん	1072
2586	800000000000052137	閃鬼	1060
2587	500000000000061692	とりしま	1056
2588	1200000000000096011	うた	1054
2589	92142	タッター	1053
2590	1400000000000098497	てんてん	1052
2591	800000000000100205	Player 1008130504	1051
2591	1300000000000039220	まんぼう@ログアウト	1051
2593	400000000000002947	cs	1048
2593	1100000000000091233	さく	1048
2595	600000000000052458	fin8880n	1046
2596	700000000000099767	ねむいぞ	1044
2597	900000000000085589	ヤギ	1038
2598	900000000000006431	バゼゼだん	1036
2599	600000000000081175	ゆりり	1033
2600	100000000000031592	くろくろ	1029
2601	1000000000000030515	K(多忙ｱｸｾｽ減です)	1028
2602	1200000000000086309	あさみー	1026
2602	1500000000000076918	ピースミリオン	1026
2604	200000000000086854	エイラ	1024
2605	1400000000000054636	yanyan12	1020
2606	400000000000081189	りふぃん	1018
2607	85978	しぶりん	1017
2607	500000000000003835	美薇弥	1017
2609	1400000000000004375	へらへら	1014
2609	1500000000000033910	ｷﾂﾂｷ*夢幻*	1014
2611	1400000000000001030	コタツ	1010
2612	300000000000091826	しほにゃ	1009
2613	500000000000001861	RINMAKI	1003
2614	400000000000092980	Player 1005809332	1002
2615	1100000000000096809	桜餡	998
2616	1300000000000024856	睡魔er＋	990
2617	500000000000050771	765PRO	988
2618	900000000000033029	あま	987
2619	1000000000000080148	takotakotv	984
2620	800000000000091568	桜子mk10	974
2621	1100000000000081503	plkg	972
2622	800000000000052204	月代 慧	970
2622	800000000000086879	ナサケ	970
2622	900000000000029746	ﾍﾟﾝｽｹ（旧ｶﾗｷｦ）	970
2622	1300000000000001754	こったん	970
2622	1500000000000061240	おおいし	970
2627	800000000000079306	ハヤブサ	969
2628	1300000000000076044	狐火	968
2629	200000000000093051	ＫＡＮ助	966
2630	100000000000005719	アオ	965
2631	1200000000000051326	れん	961
2632	300000000000077768	しんうち	959
2633	500000000000096401	フレッシュレモン	956
2634	800000000000097422	QAN[T]	952
2635	1000000000000083731	ラグナル・ロズブロク	950
2636	600000000000003312	ヒデロー改	945
2637	900000000000100542	Player 1008203257	943
2637	1100000000000061386	尊氏	943
2639	900000000000000582	ピーターP	940
2639	1100000000000012973	ちゃば	940
2639	1300000000000083401	アサノ	940
2642	400000000000000834	ナノイオン	939
2643	500000000000039471	Nata	937
2644	400000000000030425	ぽんにし	933
2644	1500000000000061261	sorao	933
2646	500000000000023044	ダイノ	932
2647	900000000000020708	シソぶー	930
2648	100000000000004197	チャンスー	929
2649	600000000000080857	HK	927
2650	600000000000075734	あまなつ	925
2651	300000000000057715	Mutehead	923
2652	300000000000076131	ぶらっく。	921
2652	600000000000010358	火憐ちゃん(招待用フレンド募集)	921
2654	1300000000000100296	倉岡	920
2655	500000000000002304	はぅー	918
2655	700000000000100702	Player 1007897031	918
2657	400000000000022429	ｇｕｓｌ１１９２	917
2657	1100000000000080224	AsaYuki	917
2659	100000000000019034	ぽぽ子	915
2660	1100000000000041228	せるげい	914
2661	1100000000000027903	Catfish	910
2662	600000000000098316	カザ	905
2662	1400000000000091637	ふくちん	905
2664	600000000000077888	あうぐぅ	903
2665	1300000000000054278	九魔	901
2666	100000000000097803	シマト	900
2666	800000000000000598	dic	900
2668	83640	オコジョ	899
2668	800000000000079976	62	899
2668	1200000000000093875	FFF	899
2671	200000000000004308	BCM	898
2672	900000000000098535	ペン三	897
2673	700000000000101544	ゆきむら	894
2674	700000000000005626	きょん†｡｡	893
2675	200000000000101469	Dermang	892
2676	400000000000085830	少しN氏	886
2677	700000000000044963	ナオ	885
2678	101004	ユキタロウ	883
2678	1500000000000077613	なんこ	883
2680	45087	みろちろ	879
2680	900000000000041677	土管屋	879
2682	200000000000008161	てぃる	878
2683	1500000000000080261	レス	877
2684	1500000000000025438	asa	876
2685	300000000000093904	FMラジオ	871
2686	600000000000043982	ｲﾓｭP	869
2687	800000000000004049	ししゃも	868
2688	500000000000039168	ｼﾞﾝP〈思うところあってGREE放置ぎみ〉	866
2688	1200000000000069224	しんちく	866
2690	1300000000000027348	野球マスクP	865
2691	47616	マサ0119	864
2692	200000000000081455	ペンギン	861
2693	80486	ぽぱい	860
2693	200000000000100905	まないた	860
2695	700000000000072157	カイト	850
2696	1000000000000062205	ぺーち	849
2697	200000000000034844	かどぽん	848
2698	900000000000094784	チヌーク	846
2699	300000000000080419	そにも	845
2700	900000000000085070	リョーマ	844
2701	75158	Kou	843
2702	1100000000000009778	kyou	839
2703	200000000000000965	むっしゅ	837
2704	1100000000000085742	SAK	836
2705	100000000000000859	正輝ぺー	835
2705	800000000000086234	miz §越狂會§	835
2705	1100000000000076092	配信おじさん	835
2705	1200000000000094767	Player 1006206156	835
2709	300000000000007444	*おおっと*	830
2709	500000000000010223	なのP@がっき～	830
2711	1300000000000072335	フェルス	828
2712	400000000000009678	Ayuta	826
2713	200000000000031709	トモロヲ	822
2713	500000000000061647	揚げパン(全略)	822
2713	700000000000092761	パチュリー	822
2716	400000000000045837	みゅらー	820
2716	600000000000073639	羊飼	820
2718	1300000000000000564	白ヶ崎	819
2719	1100000000000002933	テレッテ	815
2720	1300000000000082248	＼＞ω＜	814
2721	600000000000000286	trecri	812
2722	700000000000003595	かわーの	810
2723	200000000000052227	とも	806
2724	400000000000099871	panspeedmeron	800
2725	600000000000060586	グンゼ	799
2726	24820	手巻きですし	797
2727	1200000000000038498	北大路	796
2728	700000000000092324	サブロク	794
2729	600000000000027946	かるみ	792
2730	42461	mokimori	791
2730	80319	弓兵	791
2730	700000000000023758	ザラ紙@環Ｐtheおやぶんぶん	791
2733	300000000000015623	まこ	788
2734	600000000000082348	フレディ	780
2735	101240	aqua	778
2735	700000000000020450	一平ちゃん	778
2735	1500000000000001706	まだら	778
2738	97301	かみなん	777
2739	500000000000034307	Kezai	776
2740	1200000000000003153	SASAMI	775
2740	1200000000000099633	寿乃端	775
2742	700000000000083260	yk	773
2743	200000000000000749	八木屶	766
2743	1300000000000080447	山ハム	766
2745	73675	sTar	764
2746	200000000000093490	siruban	759
2747	100000000000056888	なっつ@同僚募集！	755
2748	400000000000006844	しず(ﾊﾃﾅｯﾁＫ)＠名古屋	754
2749	300000000000000359	やまだ３	753
2750	100000000000001009	(´・ω・`)	748
2751	200000000000039447	ヤス	747
2752	700000000000000120	かずぴー	742
2753	55660	ノバス	741
2753	400000000000003475	も～やん☆	741
2755	400000000000080785	なかつん	736
2755	1000000000000081359	ぴょん	736
2757	700000000000096822	Fmk Tkys	735
2758	600000000000073827	SNDI	734
2758	1200000000000050580	ゆか	734
2760	61184	hr	731
2761	1500000000000006406	優月Ｐ	725
2762	300000000000053590	海運ポートレート	724
2763	1400000000000098807	しいの	720
2764	700000000000020778	まっふん	716
2765	95950	迦楼羅	715
2765	1000000000000026546	なう	715
2767	100135	しぃぃ	714
2768	1100000000000001775	ちゃんベル	712
2768	1300000000000055986	レン	712
2770	600000000000050196	ミヤシタ	711
2770	700000000000100194	step	711
2772	300000000000016218	ゆう	707
2773	93270	Join	704
2773	900000000000054153	ゆかな@ランスロット好き	704
2775	100000000000062836	蜜歌	703
2776	500000000000097950	Player 1006934069	702
2777	96528	ShiON	700
2778	1400000000000098442	Poly	696
2779	29226	あさひ	694
2779	200000000000042512	小林悠太郎	694
2781	1000000000000096644	羅主斗	693
2782	1200000000000082437	修(しゅう)	691
2782	1400000000000051627	かまたま	691
2784	400000000000085427	区快/はっせー	690
2785	74310	AkurahEX｜ドレミー・スイート「異界の永遠狂夢（ルナティックドリーマー）」	686
2785	200000000000075947	zhangruiy	686
2787	900000000000095635	キャシー	684
2787	1100000000000095330	みやこ	684
2789	800000000000000998	こめこ	683
2790	800000000000099583	いる@同僚さん募集中	682
2791	800000000000050546	焼きナス	671
2792	1100000000000004938	かねもと	668
2792	1400000000000080248	ゆきと	668
2794	1200000000000066631	アホガエル	667
2795	200000000000083975	soma11	665
2796	1300000000000098316	SORASHI	664
2797	1000000000000100370	アイメイP	662
2797	1300000000000088642	けみちょす	662
2799	1500000000000056713	Zep	660
2800	1400000000000101202	Ichikago	658
2801	400000000000099082	織田信長	657
2802	85436	だいな	656
2803	600000000000058935	jinx	652
2804	1500000000000081484	tetuv1	651
2805	900000000000075537	ありあけ	650
2806	56164	山手車掌	646
2806	500000000000097110	対馬蝦夷守智典	646
2808	1000000000000091580	carlzhy	645
2809	1400000000000040079	メープル☆ポチャン	644
2810	1400000000000087729	ぴよこ	637
2811	200000000000061491	スギ	635
2811	300000000000006725	いずP	635
2811	900000000000077375	流雲劍	635
2814	1300000000000097923	Cantualia	634
2815	700000000000097426	KNTR	633
2816	500000000000054312	ナイ	627
2817	900000000000076658	レオ	626
2818	1100000000000082341	またろ$	624
2819	100000000000101107	あじのもと	623
2819	700000000000098755	櫻魅	623
2821	900000000000053903	饅頭	619
2822	100000000000081967	ルホホー	618
2823	200000000000049887	じじい	617
2824	400000000000001771	nagi	614
2825	1500000000000062632	ナハト	608
2826	200000000000027549	NINARICH	607
2827	1000000000000101155	ねだん	604
2828	1200000000000058944	樹希	602
2829	500000000000053521	オバイバー	600
2830	74690	フミヤ	599
2831	3707	大和	596
2831	1400000000000020188	ルチアナ	596
2833	1400000000000095332	ラフランス	595
2834	300000000000096222	爽	593
2834	600000000000050485	レン	593
2836	700000000000092174	komanetin	591
2837	79131	ムーサ	590
2838	200000000000004913	ブル～アケマス紳士10th～130超	589
2839	1400000000000054964	mz0	588
2840	1300000000000071924	N島	586
2841	500000000000094761	ノンマルト	585
2842	600000000000097484	アルパーク	583
2843	100000000000012026	朱稀	582
2843	1000000000000053471	よろく	582
2845	600000000000002148	うにいくら丼	580
2845	1200000000000100395	寄り道	580
2845	1300000000000100619	nao3	580
2848	400000000000084783	みっちぃ	579
2849	400000000000088157	†あかぱんだ†-†Kreuz.†	578
2849	600000000000002938	天才とうちゃん	578
2851	800000000000062543	もっさん	577
2851	800000000000074372	Player 1003036456	577
2853	200000000000095576	Player 1006237554	575
2854	58831	ミナト	573
2855	900000000000080858	中丸	571
2856	700000000000026843	マギー	570
2856	800000000000015963	ニヤ	570
2858	1300000000000015930	福音の魔弾	568
2858	1400000000000093775	クリス	568
2858	1500000000000085268	ひろひろ	568
2861	600000000000093246	ていらー	564
2861	1500000000000093179	ブー	564
2863	500000000000075055	やぎべえ	562
2864	200000000000099133	つな	561
2865	300000000000075832	Dr.酒舟	560
2865	700000000000095454	マガルギ	560
2867	600000000000020072	テイル	558
2868	1400000000000049518	くりす。	557
2869	500000000000085646	ラツマ	556
2870	1000000000000101156	Player 1008281338	555
2870	1300000000000079500	ちゃけ	555
2872	1500000000000083447	HIGE	553
2873	1500000000000011556	ZEN	552
2874	400000000000085513	うどん	547
2874	600000000000071851	Alice	547
2876	1100000000000070989	みっちん	546
2877	600000000000005353	サフィール	544
2878	1100000000000005095	マタスー	542
2879	400000000000097610	tabmore	541
2880	800000000000086204	押尾	539
2881	1500000000000100629	拓也	538
2882	87115	いち	536
2882	1100000000000048639	時野邦人	536
2884	500000000000098091	アプレンティス	534
2885	1300000000000100761	はせ	533
2886	800000000000035711	gato	531
2887	500000000000098014	うろ	529
2888	400000000000051951	ルンパッパ3V	528
2889	1200000000000078389	ＲＩＮ	525
2890	62394	なる	523
2891	500000000000047658	てっちゃん☆茶茶茶☆	521
2892	500000000000002342	もか	520
2893	1000000000000085145	NAO	519
2894	300000000000093597	Gwan	514
2895	1100000000000100291	ウィーラー	510
2896	400000000000074763	河邑	504
2896	1000000000000081596	noppiii	504
2896	1000000000000082332	CIMA	504
2899	600000000000098979	フィジャー	502
2900	97649	くずてつ	501
2901	1100000000000097496	s d	499
2902	1400000000000059169	sigM	497
2903	800000000000004696	Strike Freedom	496
2903	900000000000005916	ひお(多忙)	496
2903	1000000000000099368	ノア	496
2906	500000000000036827	DIRGE27	494
2907	700000000000081253	マイマイ	490
2908	500000000000022815	ゆーきゃん	489
2909	400000000000099708	河原	488
2909	1500000000000053931	Kono	488
2911	700000000000028540	ラプター	487
2912	59871	みき	485
2912	200000000000026119	いっき	485
2912	800000000000002250	?ｲｪﾙｶ?《たまに男装&低浮上》	485
2912	1300000000000051409	五十右天	485
2912	1400000000000065068	Player 1002081262	485
2917	900000000000079189	ヌヌーピー	482
2918	400000000000010841	まほりく	481
2919	1200000000000079731	りょーが	480
2920	400000000000075230	Player 1003186708	479
2921	300000000000053232	446	478
2922	1400000000000096863	さはら	476
2923	900000000000061700	元旗	473
2924	300000000000052816	トヲル	472
2925	100000000000003472	はなけん	469
2925	100000000000075219	はやす	469
2927	1000000000000080226	たたら	468
2928	800000000000094863	五福	464
2929	600000000000007319	にるか	461
2930	400000000000002097	ぞら	458
2930	800000000000096718	須藤晋佑	458
2932	500000000000057175	やっぴぃ	455
2933	100000000000085338	Mog	448
2933	1400000000000071417	清流	448
2935	700000000000097113	リーシュ	447
2936	200000000000072898	ひだまり	445
2937	1400000000000054200	佐々原	439
2938	600000000000098212	るね	438
2939	500000000000100108	そむたむ	436
2939	1000000000000098085	ぴろしき	436
2939	1400000000000003622	とき@高山ちゃんとお姫ちん収集	436
2942	1500000000000100719	あすぱよ	435
2942	1500000000000101041	Player 1008279679	435
2944	100000000000003858	NzD	434
2944	400000000000007043	くろこ。	434
2946	500000000000097094	よっしー１	433
2947	500000000000014125	マクダ	429
2948	1300000000000051520	itsukiitsuki	428
2949	700000000000088119	まりも	424
2949	1500000000000082040	テッテレ	424
2951	700000000000059144	詩月	422
2952	900000000000046989	カイ・タスク	421
2952	1500000000000101108	ニュービー	421
2954	300000000000004573	ベルナルド	420
2955	700000000000100048	実香	416
2955	1000000000000073654	こっしー	416
2955	1500000000000052131	コスモ	416
2958	200000000000101237	Hayato	414
2959	800000000000061753	スリザリン	411
2960	700000000000098396	Player 1006967479	409
2961	400000000000059827	リディ・マーセナスP	408
2961	800000000000097399	めもを	408
2963	100000000000054122	プロペラヘッド	405
2964	1000000000000077889	ケンヤ	403
2965	1000000000000027912	ajen	402
2966	1400000000000047778	セイ	399
2967	1300000000000058235	豚丼	398
2968	38197	ばった	397
2968	400000000000004121	よ～(ФωФ)ﾉ	397
2970	500000000000085546	d	393
2970	1400000000000043221	pikoton	393
2970	1500000000000101132	麻倉もも乃新	393
2973	300000000000100195	Player 1008030307	391
2973	900000000000081014	トモ	391
2973	1300000000000061888	チハル	391
2976	1500000000000002951	×あふぅ†紅魔郷†	386
2977	200000000000017173	(元新八)ζ*'ヮ')<おすぎとピコ太郎	384
2978	400000000000100868	せち	383
2979	800000000000015317	しづー	378
2979	900000000000009198	仁奈ちゃんprpr	378
2981	900000000000100201	舟子	377
2981	1500000000000097190	よっしー２	377
2983	200000000000097160	naito	376
2983	700000000000013501	狂犬	376
2983	1100000000000096300	プロト	376
2986	200000000000101435	弥	372
2987	1000000000000101219	雨宮天ぷら	370
2988	300000000000094621	吉矢	368
2989	98641	カカロット	367
2989	400000000000008959	よしお	367
2991	500000000000096350	大石	365
2992	80199	Player 1004207072	364
2993	400000000000096418	アローン	363
2993	600000000000008784	るっつ	363
2995	1200000000000100561	Alshe	362
2996	600000000000096857	おん	360
2996	800000000000077229	ニノ	360
2998	100000000000096407	あまいP	354
2998	1200000000000072186	ただの	354
3000	300000000000096105	ヒオ	353
3000	700000000000061689	とどしん	353
3000	800000000000011629	リョーコ	353
3000	1400000000000097209	小川孝信	353
3004	300000000000046252	JUNYAN	352
3005	800000000000098983	kwei	347
3006	100000000000097915	いっちー	346
3007	1100000000000001009	しも	343
3008	4797	ワーロック	341
3009	85915	颯爽	338
3009	400000000000094387	popopo	338
3009	700000000000096163	あい	338
3012	1000000000000077669	タル帽	334
3013	1200000000000051984	弥生町	333
3014	200000000000092316	コタツムリ	332
3015	900000000000077291	minasefan	331
3016	101053	ミニスタ	326
3017	300000000000004798	としもん	324
3017	600000000000002602	鳥谷瑠美	324
3019	700000000000101409	patok	323
3020	1500000000000007739	たくあん	321
3021	700000000000052601	へいあん	317
3021	700000000000100406	紫苑	317
3021	800000000000044133	はち【入院中】	317
3024	1300000000000061993	珈琲	315
3025	700000000000081105	ごまどうふ	314
3025	900000000000096896	ヒルネビト	314
3027	200000000000034311	すずもん	311
3027	400000000000054901	かっこうP	311
3029	300000000000086269	クーン	307
3030	700000000000008821	まさ	306
3031	300000000000059550	ひろかず	305
3032	900000000000019823	key	304
3033	900000000000033853	Mash　【要請×】	301
3033	1000000000000005961	こまち	301
3035	900000000000001472	武六P@泰葉党	297
3036	1100000000000062595	Icewings	292
3037	1500000000000083822	hanyapon	290
3038	700000000000011096	招きネズミ	289
3039	600000000000000086	りんりん太子	287
3040	100000000000071802	fuku	286
3040	500000000000074798	Luna	286
3042	1400000000000014015	ディケイド	285
3043	1200000000000003282	woody13	284
3044	300000000000060121	ロッカーズ	282
3045	800000000000071622	あさの	280
3046	200000000000003147	Ｔ―ＲＥＸ	279
3047	1300000000000101386	(現在進行形)	278
3048	400000000000082144	Anna2010	276
3049	300000000000093518	祐介	275
3050	200000000000065749	のあにー	274
3051	500000000000099017	イシワタ	273
3052	300000000000051951	熱狂犬	272
3053	1100000000000047116	Seela	266
3053	1400000000000101145	キムキム＆猫ダマ	266
3055	200000000000097569	Player 1006637890	264
3056	300000000000099991	エラード	260
3057	1100000000000096860	向野遼一	259
3058	400000000000075180	ちずらぷ	258
3059	900000000000084409	kdh15177	257
3060	800000000000082822	ミートン	256
3060	800000000000086661	イチヨウ	256
3062	1000000000000051027	つままれ	252
3063	700000000000101332	ラッパ練習中	250
3063	1000000000000101261	Player 1008309546	250
3065	1200000000000098186	みえちゃん	247
3066	300000000000100761	ぴくろ	244
3067	600000000000054298	com.	242
3068	600000000000005838	タータタ64	240
3069	800000000000100637	よしゅあ	239
3070	500000000000101039	サンデー	238
3071	300000000000010323	かんあき	237
3072	500000000000078473	モティ(招待は好きにしてください)	235
3073	1300000000000101468	Player 1007376429	232
3074	800000000000078736	ごま	230
3075	42001	猫耳キノたん@ファフナーマジ天使ほしぃ	228
3075	1200000000000072232	マーズ	228
3075	1500000000000058867	もんしゃ	228
3078	1000000000000101243	ダームスタチウム	225
3079	400000000000096524	コウタ	224
3079	800000000000100384	五十六	224
3079	900000000000096851	Player 1006571737	224
3082	1000000000000086020	akira	222
3083	900000000000081597	ShiMa二郎	221
3084	23129	ixiadarts	220
3084	1100000000000025121	Ko	220
3086	1000000000000101136	Player 1008274394	218
3086	1300000000000023052	でんでら	218
3088	600000000000007559	不動 遊星	217
3089	800000000000096708	ぴぐろ	216
3090	400000000000057146	(☆×☆	215
3090	400000000000100920	かくして	215
3092	900000000000005762	危ない肉屋	214
3092	1400000000000014348	カニ	214
3094	1300000000000099792	ちゃん	212
3095	1400000000000079642	フルグラ	207
3096	300000000000100140	Redbox	206
3097	1200000000000080633	ツバサＦ	205
3097	1300000000000001853	ヴァイス	205
3099	700000000000020173	MA	203
3100	400000000000093185	ユキ	202
3101	400000000000038024	たま	201
3102	1200000000000094899	sido	200
3103	200000000000078122	LynAlpha	199
3103	1000000000000101034	Player 1008223802	199
3105	1000000000000100541	翠	197
3106	700000000000101209	Player 1008177223	196
3107	300000000000004541	ハル	195
3107	1300000000000099154	Player 1007141533	195
3109	1200000000000086770	fujikid	193
3110	1200000000000011519	はち	192
3111	900000000000052156	わきゅ	190
3112	700000000000083999	ほるもん	188
3113	600000000000097458	ハチノコ	187
3114	32473	アッーセム・あssノ	186
3114	1500000000000001710	はく	186
3116	400000000000097926	tttauo	184
3117	600000000000100325	Tadayuki	181
3117	1000000000000058936	waka	181
3119	1100000000000008721	あわあわ	180
3119	1400000000000100841	れべるみゅーじっく	180
3121	200000000000096213	tak	179
3122	1200000000000081102	トゴレス	178
3123	1200000000000087899	加藤	177
3124	800000000000029216	ZERO	175
3124	1400000000000062531	嶺上開花	175
3126	1500000000000005510	Pろゆき	174
3127	4759	黒糖	172
3128	400000000000093013	ゆぅ	171
3129	400000000000024620	あぱちこ	170
3129	1100000000000005348	ぱぺっと	170
3129	1100000000000029882	Ｍ田	170
3132	1300000000000097504	Dr.コトー	169
3133	900000000000031958	じゃんぱ	164
3134	1500000000000099927	Hi ‐lite	157
3135	97656	トメイトゥ	155
3136	200000000000087299	さこのま	152
3136	800000000000097879	コロコロ	152
3136	1400000000000010871	刹那	152
3139	500000000000007353	Wize	151
3140	600000000000056874	晴己	149
3140	900000000000100428	トモ	149
3142	100000000000001756	のら	147
3143	400000000000097673	よしき	146
3143	1400000000000054901	ふちゃ	146
3145	1500000000000101083	エンマ次郎	145
3146	700000000000097901	のぶのぶ	142
3146	1200000000000022735	やなぎさわ たつのり	142
3148	500000000000075250	Alec	141
3149	200000000000099271	梨	139
3149	1100000000000093998	浅川のジァイアン	139
3151	1300000000000076688	西園寺	137
3151	1400000000000096533	しばお	137
3153	900000000000097869	ゆづき	136
3154	100000000000101124	Player 1008304561	133
3154	1100000000000000484	リバーサイド	133
3156	700000000000101182	Player 1008166007	132
3157	300000000000015353	レインシア	131
3158	800000000000097746	たちけー	130
3158	1400000000000101330	Player 1008282382	130
3160	3705	超戦車	129
3161	700000000000036603	鶏肉	128
3162	1000000000000100919	あきさん	127
3163	500000000000026374	むじな	125
3164	400000000000100826	瑠琥	124
3164	1000000000000075477	ブルー（多忙の為ＩＮ率激減）	124
3164	1400000000000100448	ミシル	124
3167	100469	AREIN	123
3167	1300000000000032273	プリン	123
3169	900000000000098155	のらせ	121
3170	300000000000003366	カッキー	120
3170	500000000000085568	黒羽根	120
3170	800000000000059809	西海道	120
3173	700000000000051742	IRONMAN	119
3173	700000000000093104	ゆきを＠偉人伝心	119
3173	1000000000000101185	岑	119
3176	500000000000075781	ちゃこたろ	116
3177	900000000000011181	@ヒロ＠	115
3178	1500000000000008703	【歩D】　玲　	113
3179	1400000000000000620	マロニ	111
3180	200000000000100592	Player 1007874674	109
3180	1200000000000100014	プリひか	109
3182	200000000000003131	ダイ	106
3182	1000000000000101226	かりんとう	106
3184	800000000000098827	カナターシャ	105
3185	1500000000000097983	Тэру-миР	103
3186	1000000000000028721	たかなし	102
3187	1300000000000080928	もっち	101
3188	500000000000006224	ドM紳士	98
3188	800000000000000834	けーと	98
3190	96250	KK	96
3191	200000000000100667	Player 1007919474	95
3191	1000000000000097829	ねきねきんぬ	95
3193	900000000000005566	へちお	92
3194	1400000000000059651	BeBe	90
3195	500000000000006047	カフェイン0	89
3195	600000000000100857	取得できませんでした	89
3197	400000000000053675	日向 なつ	88
3197	500000000000096718	O-:K	88
3199	1100000000000003189	詩形	86
3200	800000000000004031	utena	85
3200	1300000000000100193	辛口パセリ	85
3202	400000000000027292	しばねこ	84
3202	400000000000100695	ろく	84
3202	800000000000100672	地雷＠静岡	84
3205	400000000000092505	紅莉栖	80
3206	80421	式．七夜	78
3206	98175	りつ	78
3208	1100000000000049636	柴犬P	77
3209	900000000000058493	さかみち	76
3210	800000000000015834	鋼(ハガネ)P	75
3210	900000000000100801	take7	75
3212	98166	ゆなゆ	74
3212	300000000000085234	おりょう	74
3212	1000000000000047915	味噌ラーメン	74
3212	1100000000000096220	shin	74
3216	1500000000000100708	Player 1008143535	73
3217	100000000000009316	椿@ﾒﾆｱｯｸ	71
3217	700000000000100078	kikyo168	71
3219	900000000000075048	しんのすけ	70
3219	900000000000083364	くーばー	70
3221	800000000000099629	Key	67
3221	1300000000000101401	つかなか	67
3223	700000000000062666	きぶろう	64
3223	1000000000000099204	征華	64
3225	600000000000100433	Player 1008098150	62
3225	1000000000000084262	ぞのっち	62
3225	1200000000000057526	ナニカ	62
3225	1200000000000093012	南風	62
3229	400000000000062061	べに	61
3229	1000000000000044699	ソコム	61
3231	1000000000000062062	メビウス	60
3231	1500000000000000921	ろくがつ	60
3231	1500000000000021094	noppo	60
3234	900000000000042180	ゆき	59
3234	1400000000000100705	左々右	59
3236	1100000000000099641	Player 1007639451	58
3236	1200000000000086810	アイマス太郎	58
3238	700000000000085851	アキラ	57
3238	1000000000000081262	あじゃぱー	57
3240	1300000000000078416	しかお   （埼スタCSチケット捜索中）	56
3240	1400000000000044296	ふぇい	56
3242	101088	Player 1008253200	55
3242	400000000000058274	真奈	55
3242	1500000000000101057	悪魔のメリクリ@冬コミ3日目r09a	55
3245	101243	黒兎亭	54
3245	100000000000101106	Player 1008300753	54
3245	700000000000086297	ケイ	54
3248	200000000000101360	Player 1008263234	53
3248	500000000000005362	イツキ	53
3248	700000000000053489	チャリ通	53
3248	1300000000000098711	むねひろ	53
3252	700000000000081449	おとさん	52
3252	1500000000000003361	残月	52
3254	800000000000100561	カマ蔵	51
3255	400000000000097453	こだまし	50
3255	700000000000029050	つる吉 ☆彡 クリコンお休みします。	50
3255	1300000000000016360	もやし	50
3258	100000000000077174	英明	49
3258	700000000000101506	カラザン	49
3260	900000000000062571	sknow	48
3260	900000000000097687	Player 1006949609	48
3262	100000000000101049	参寺	47
3262	500000000000062210	193	47
3262	600000000000087065	ぽあろ。	47
3262	700000000000002599	時雨	47
3266	300000000000052173	あきら	45
3266	1400000000000030089	久保君の弟バカテスLove＠てさ部最高	45
3268	80652	wasted	44
3268	200000000000063148	ф｡ﾟ*тσσ*ﾟ｡ф【ドリ仲間募集中】	44
3268	500000000000098154	リート	44
3271	200000000000099696	はな	43
3271	200000000000101489	豆柴	43
3271	600000000000100616	＠Ａ	43
3271	700000000000012472	＼（^ｏ^）／	43
3275	100000000000056236	モーリス	42
3275	200000000000100580	もふ	42
3275	700000000000101578	すなぎも	42
3275	1200000000000100770	みざき	42
3275	1300000000000072551	e-zo	42
3280	900000000000080609	きよ	41
3280	1100000000000100477	やくると	41
3280	1100000000000100559	FREE	41
3283	900000000000025353	えんがわ	40
3283	1300000000000010553	ひつじ	40
3283	1400000000000092457	SER8710	40
3286	300000000000062203	取得できませんでした	39
3286	600000000000008054	BRaVe	39
3286	800000000000077252	アルキュオネ	39
3286	800000000000100613	TheWorld♪@どっと吐く//SIGN	39
3286	1000000000000095935	nipo	39
3286	1200000000000100242	静伽	39
3292	100000000000059614	silver soul	38
3292	1100000000000000259	あへ	38
3292	1200000000000092847	Kyon☆し～	38
3295	400000000000098655	Player 1007189284	37
3295	600000000000073965	ソラ	37
3295	1500000000000043832	ヒーコ◆おふ	37
3298	300000000000096214	しめす	36
3298	1200000000000044838	Ω まにおΩ	36
3300	47981	ヒロ	35
3300	200000000000101406	Player 1008281490	35
3300	200000000000101457	すめらぎ。	35
3300	700000000000101486	さなわら	35
3300	800000000000100155	Player 1008109384	35
3300	1000000000000031643	りょう《アバコン目標達成皆さん協力ありがとう(*^^*)》	35
3300	1100000000000100841	Player 1008279963	35
3307	100575	おいどん	34
3307	800000000000026137	(?_?)	34
3307	1100000000000085772	-saki-	34
3310	25944	†育島サヤ†	33
3310	300000000000025685	松永Ｐ	33
3310	1000000000000072366	まどまぎ	33
3313	200000000000098217	hiroto	32
3313	700000000000038924	一二三二一	32
3313	900000000000095818	とーる	32
3316	300000000000099748	ドライブ	31
3316	700000000000099912	Player 1007461175	31
3316	1100000000000100865	Player 1008289419	31
3316	1200000000000000257	たいがあ	31
3320	100000000000005295	shion	30
3320	100000000000094592	Player 1006076545	30
3322	100000000000099228	岩P	29
3322	300000000000100637	Player 1008233011	29
3322	1500000000000067965	10126P	29
3325	200000000000068483	デーモンハンド	28
3325	1100000000000085280	ゆかな	28
3325	1200000000000052550	あふno.10	28
3325	1300000000000004814	やすりん	28
3325	1500000000000075175	shark	28
3330	100000000000077272	risu820	27
3330	200000000000027358	ろっしフミ	27
3330	300000000000100863	Player 1008318451	27
3330	500000000000101122	Player 1008303461	27
3330	700000000000022218	ぷほるす	27
3330	700000000000071701	ありか	27
3330	1100000000000018139	sasasyu	27
3337	100000000000002374	ﾐﾗﾝ	26
3337	200000000000096666	タケピー	26
3337	400000000000099410	ZhenJie3007	26
3337	800000000000003726	由樹	26
3337	800000000000099650	＠アクア	26
3337	1400000000000004292	くるみ	26
3337	1400000000000077893	リョウト	26
3337	1400000000000097102	ランページ・ゴースト	26
3337	1500000000000027772	ビート☆スター	26
3337	1500000000000100398	ＭＡＳＡ１９１９	26
3347	300000000000052043	そーよし	25
3347	900000000000031521	ねこネコ	25
3347	1200000000000019624	falcon@何でもどうぞ	25
3350	200000000000015499	くろこげ	24
3350	400000000000100889	ゆー	24
3350	500000000000000337	デリオ	24
3353	100000000000049385	胡桃	23
3353	300000000000100234	Player 1008062435	23
3353	1100000000000074318	ガロード	23
3353	1100000000000092837	ニコル	23
3357	1100000000000100937	"あ""～!!"	22
3358	1400000000000094979	花のこ	21
3359	100000000000101131	Player 1008306529	20
3359	400000000000012773	ぱうえる	20
3359	400000000000042476	水無瀬	20
3359	800000000000100333	なお	20
3359	1200000000000089897	ルナ・ハートマン	20
3364	100036	りっちー	19
3364	100000000000100628	なむなむ	19
3364	400000000000100940	クレイン	19
3364	600000000000099648	ひゅーすとん	19
3364	800000000000100057	yuur	19
3364	1000000000000011655	たけし	19
3364	1400000000000044860	ゲー9(オフ)ドリ…仲間入れ替え中!!なので募集!!!	19
3371	800000000000017492	しーさんぷーた	18
3371	1100000000000043695	取得できませんでした	18
3371	1200000000000085762	フォルテ	18
3371	1400000000000054190	びーとる	18
3375	20473	山猿改	17
3375	100000000000101150	つち	17
3375	800000000000006678	翔兄	17
3375	1100000000000060582	リゼ	17
3375	1300000000000045762	成長途中	17
3380	100000000000035630	うな	16
3380	100000000000061008	タキタキ	16
3380	200000000000097066	しろはす	16
3380	400000000000008414	ぱぴこ	16
3380	700000000000086776	ピロシキ	16
3380	1300000000000002264	rhysum	16
3380	1400000000000098238	ラキア	16
3387	94818	ロッテ党	15
3387	98841	作業台	15
3387	700000000000059757	ラグナ	15
3387	1200000000000055735	行泰2	15
3387	1400000000000080674	エフテテ	15
3392	300000000000098896	Player 1007300547	14
3392	600000000000099360	tenzan	14
3392	700000000000098777	color	14
3392	1000000000000023905	天狼	14
3396	600000000000082358	やのじP	13
3396	600000000000085707	匿名_r32	13
3398	200000000000044248	もんもん	12
3398	200000000000093191	蟻	12
3398	300000000000100831	ポカポカ	12
3398	400000000000079023	どろ	12
3398	700000000000101295	やにっく∵∵	12
3398	800000000000024328	高橋	12
3398	1000000000000061462	Bigkatsu	12
3398	1100000000000100922	あひる	12
3406	59405	しづき	11
3406	100000000000091182	Setsuna☆クリイベバトル10分待ってね	11
3406	300000000000100793	えねる	11
3406	400000000000010029	だいすらぁ~	11
3406	600000000000100974	永遠のモブキャラ[村人B]	11
3406	900000000000058949	EVA バタバタしててコメ×m(_ _)m	11
3406	1100000000000010971	舞櫻	11
3406	1200000000000043741	ぴろぴろ！※割愛ｵﾌ激多忙	11
3414	300000000000058150	スリーk	10
3414	800000000000099210	hide_yoshi	10
3414	900000000000100703	ミコギア	10
3414	1300000000000100945	player	10
3418	200000000000056323	ワイヤー B4	9
3418	200000000000101429	そるてぃ	9
3418	300000000000011245	みずなな@グリマスのみのIN	9
3418	300000000000055217	ひろ お助け大感謝です！	9
3418	300000000000100832	Player 1008310115	9
3418	500000000000098008	がちょん	9
3418	500000000000101055	カララト	9
3418	500000000000101121	Player 1008303077	9
3418	600000000000056997	イフリート	9
3418	700000000000048895	ゴンちゃんパパ	9
3418	800000000000057028	nirika	9
3418	900000000000100496	tatu☆3 §多忙-参戦小(>人<)§	9
3418	1000000000000048440	トシ	9
3418	1000000000000050034	紅の豚(尾瀬、新潟に)。	9
3418	1000000000000100868	タモ	9
3418	1200000000000059856	アクアン	9
3418	1400000000000101331	なかつ	9
3418	1500000000000034949	サイコー	9
3436	100000000000012107	いおり	8
3436	200000000000048277	しもん	8
3436	200000000000101491	りくせんがた	8
3436	400000000000059262	paй@ﾉ¨犬3　　　　	8
3436	400000000000074455	マカロニ	8
3436	400000000000100508	タスク	8
3436	600000000000042041	ｨﾑﾊﾟﾊﾟ☆義☆	8
3436	700000000000007343	er1ca	8
3436	700000000000085536	かっつん	8
3436	1200000000000100674	Player 1008295084	8
3436	1300000000000081402	Saika(招待メール無視してください)	8
3436	1300000000000100730	μ's	8
3436	1300000000000101051	Player 1008127149	8
3436	1400000000000094601	しょりしょり	8
3450	32107	のぞみん	7
3450	100000000000018030	ブルー　ドリお仲間募集中♪(*・∀・*)ノ絆お休みm(__)m	7
3450	100000000000042353	[[D]]しんちゃん	7
3450	100000000000100574	南雲	7
3450	200000000000061114	ひものおんな[アプリ更新スマホ動き悪しに！更新慎重に！多忙でイベ参加少しゴメン]	7
3450	300000000000064420	節子	7
3450	600000000000020867	†瑠奇亞†*男装*-†Kreuz.†	7
3450	600000000000044140	りりぁ	7
3450	700000000000066903	ぼっちゃん	7
3450	1000000000000021702	SPARKY♂	7
3450	1100000000000086733	domi(招待スルーor拒否お願いします。)	7
3450	1200000000000053007	アニメ⑧	7
3450	1300000000000058615	もにぃ†G.D.F†	7
3450	1400000000000101441	暇人	7
3450	1500000000000043683	もんもん 勝鯉の女神 カ舞吼！-kabuku-	7
3465	6865	虎虎虎	6
3465	101233	とんぼさん	6
3465	300000000000034770	竹中重治	6
3465	300000000000058825	トク	6
3465	300000000000100644	masa	6
3465	300000000000100856	ALTEISEN RIESE	6
3465	400000000000029392	黒木	6
3465	400000000000042505	James(Donald)Hot♪風邪でダウン中(>_<)。	6
3465	400000000000099455	とし	6
3465	500000000000037638	レイジ	6
3465	500000000000081875	tt	6
3465	700000000000101117	ジン	6
3465	800000000000098767	赤ドリ	6
3465	900000000000002199	ナップ	6
3465	900000000000058878	ゆーちん♪	6
3465	900000000000059064	ジュン	6
3465	900000000000075253	ねこっちゃ	6
3465	1000000000000097547	AHC	6
3465	1100000000000096613	アカサ	6
3465	1500000000000047731	あいちゃん?( 'Θ' )?	6
3465	1500000000000084595	Player 1004892095	6
3486	400000000000044168	ぷぷ丸￣∇￣)b ★★	5
3486	500000000000014976	ﾏｯﾁｬﾝ#ﾊﾟﾋﾟ 今月釣休みます	5
3486	600000000000023563	ヒゲ男D	5
3486	800000000000062814	ヒデ	5
3486	800000000000100638	はじめ（C）	5
3486	1500000000000026747	†リグ†	5
3486	1500000000000101124	ﾋﾖｺ(ドリ、皆さんに感謝。鳥目だけど夜行性です。お仲間募集中)	5
3493	99760	夏架	4
3493	100000000000100923	いつく	4
3493	400000000000062762	ｿﾞﾛ	4
3493	500000000000047804	大五郎	4
3493	600000000000017290	チップイン	4
3493	600000000000092501	ととおいなりさん＊栗すじとリス＊e.f＊	4
3493	600000000000100752	よしの  療養中 イン減ってすみません	4
3493	700000000000060103	めた。@同僚募集中	4
3493	800000000000010851	鳶○	4
3493	800000000000100478	みと	4
3493	900000000000004933	タムローン	4
3493	900000000000017571	√ёяo ≪!≫ 花魁會	4
3493	900000000000043665	グッチ	4
3493	900000000000043956	[Ａ]＊かお＊	4
3493	1000000000000099177	Player 1007229274	4
3493	1000000000000100904	フリーズゴッド出ない	4
3493	1100000000000045433	ぼっくり	4
3493	1100000000000085064	TKD	4
3493	1100000000000097651	Player 1006938395	4
3493	1100000000000100456	貴	4
3493	1200000000000100696	しゅん	4
3493	1300000000000016603	ｷﾙｱ  [夜勤] ※なしm(__)m	4
3493	1300000000000031852	ヒデ	4
3493	1400000000000045321	さと	4
3493	1400000000000096088	あーべが	4
3518	62631	織田信長	3
3518	92868	カープ	3
3518	100000000000028835	mamu＊【E☆N】	3
3518	100000000000096932	Player 1006494657	3
3518	100000000000101067	Player 1008293969	3
3518	100000000000101114	∬ライト101’s∬	3
3518	200000000000101056	たくたく	3
3518	200000000000101233	??	3
3518	200000000000101456	Player 1008296962	3
3518	300000000000099632	Player 1007700419	3
3518	400000000000049245	ま～ちゃ☆ｱﾙﾊﾟｶ騎士団＠おきみるく☆	3
3518	400000000000050663	かける	3
3518	400000000000100394	どいやさん	3
3518	500000000000059652	にっしー	3
3518	700000000000036070	P.R《☆》♂女装中 多忙イベマッタリm(__)m	3
3518	700000000000044256	☆りた☆	3
3518	700000000000060117	ジャビ	3
3518	700000000000099273	あざす	3
3518	800000000000007748	かずゅ☆	3
3518	800000000000100246	昭和ポンコツ狸【洞穴①】	3
3518	1000000000000100988	Player 1008203722	3
3518	1000000000000101228	Player 1007160762	3
3518	1100000000000047797	♪R.i.n”〆*.｡	3
3518	1100000000000100873	Player 1008292059	3
3518	1100000000000100879	ﾘﾘｴﾗ･ｻﾞ･ｶｵｽﾙﾐﾅｽ	3
3518	1200000000000062166	アッキー	3
3518	1300000000000062774	かの 《》	3
3518	1300000000000084996	koko	3
3518	1300000000000101368	nemesis	3
3518	1400000000000028597	shikito	3
3518	1400000000000077224	Player 711392894	3
3518	1400000000000101211	Player 1008234910	3
3518	1500000000000072077	Bee666	3
3518	1500000000000099238	Player 1007346207	3
3552	61927	くわがたむし	2
3552	87372	Gretel	2
3552	100000000000062561	あ	2
3552	100000000000062780	れいか	2
3552	100000000000085619	yan	2
3552	200000000000040073	アッキー	2
3552	200000000000059722	ﾄﾘｺﾛｰﾙ§嵐麒龍§	2
3552	300000000000043692	魔術師ヤン	2
3552	300000000000044127	ｺﾘ★仲募♪.+*:ﾟ+｡.☆	2
3552	300000000000061775	スモールピース	2
3552	400000000000100473	さかっちん	2
3552	500000000000027444	lucky	2
3552	500000000000042278	ゆうゆうゆう	2
3552	500000000000059186	す	2
3552	600000000000001388	たく	2
3552	700000000000055337	Koji	2
3552	700000000000062325	papa	2
3552	700000000000101549	Player 1008306391	2
3552	900000000000100384	たか	2
3552	1000000000000042691	Ｕー【】(^^)d	2
3552	1000000000000059659	∮キューchan∮	2
3552	1000000000000073340	タッチ	2
3552	1000000000000074804	ユニコーンUC	2
3552	1000000000000086935	どばどば	2
3552	1000000000000100781	たんたん	2
3552	1100000000000012615	BlackWolf	2
3552	1100000000000048397	セン	2
3552	1100000000000059049	kty	2
3552	1100000000000098549	lijianfei199200	2
3552	1200000000000075225	しらす	2
3552	1200000000000100269	ｸ ｸ	2
3552	1200000000000100724	けつくん	2
3552	1400000000000059667	ピーチ	2
3552	1400000000000059923	けろきち	2
3552	1400000000000100949	雷ちゃん@ﾊﾞｲｸで日本2周?	2
3552	1500000000000004414	なお	2
3552	1500000000000046873	ムゥ	2
3589	37143	★こ→ちゃん★	1
3589	100000000000053815	☆ﾏｲﾃｨｰ☆	1
3589	100000000000101182	風	1
3589	200000000000093493	テニミュキャスlove(>.<)y	1
3589	200000000000098614	KAS	1
3589	200000000000101138	吉宗	1
3589	300000000000047248	sawa	1
3589	300000000000062051	Sake1214	1
3589	400000000000000703	LIAMﾟ:*†燕党†*:ﾟ寒すぎて活動量低下中('A`)	1
3589	400000000000031475	★シグ☆	1
3589	400000000000073707	アキちゃん	1
3589	500000000000059251	あっちゃん	1
3589	500000000000088429	ベイチョ	1
3589	600000000000073093	たけしし	1
3589	600000000000074946	かめ[絆和]ドラコレ仲間募集中（＾◇＾）	1
3589	600000000000101016	Player 1008301446	1
3589	700000000000004456	サツネ	1
3589	700000000000017685	ランカ・リー(@DDD）ドリギル【☆Oz☆】リクオフ0時～６時今はOFF	1
3589	700000000000098691	bbbbit	1
3589	700000000000098711	ノルチャ	1
3589	800000000000042287	ぁ～chan	1
3589	800000000000042866	けいこ	1
3589	800000000000045299	ヤッカム  もぐもぐみーおん神推し～♪	1
3589	800000000000091516	⑨ボールスクラッチ	1
3589	900000000000000564	よさくら	1
3589	900000000000002035	チーズ	1
3589	900000000000048453	Harumi†百鬼夜行†仲間の皆さんに感謝ですm(_ _)m	1
3589	900000000000051998	あいす	1
3589	900000000000052129	ソウ	1
3589	900000000000100441	さや姉神推し	1
3589	1000000000000045580	とも	1
3589	1000000000000059297	ジュディ ☆S9s/Ffs☆	1
3589	1000000000000059800	ジョージⅤ	1
3589	1000000000000097231	Player 1006562586	1
3589	1000000000000100843	タンメン	1
3589	1000000000000100990	みやさん-stand.com◆	1
3589	1100000000000048353	いずも☆お礼はハンネにて、皆様ご協力感謝ですm(__)m紫石×制限かかり中	1
3589	1100000000000075985	ソニゼル	1
3589	1100000000000084434	図南之翼	1
3589	1100000000000096257	まさかど	1
3589	1100000000000096662	おふー	1
3589	1200000000000059266	ミヤビ	1
3589	1200000000000098287	bibibi	1
3589	1300000000000048000	Ninja	1
3589	1300000000000048924	☆輝【ほいど船団】覚醒ご協力ありがとうございました。ゲリラでm(__)m	1
3589	1300000000000049407	太栗　旬	1
3589	1300000000000059788	たーくん	1
3589	1400000000000008586	じょーさん	1
3589	1400000000000021037	ヒート(海賊お休みゴメンナサイ)	1
3589	1400000000000047846	リミックス	1
3589	1400000000000088810	KEI	1
3589	1400000000000093474	YUU	1
3589	1400000000000100970	ぷ～	1
3589	1500000000000042626	りこ	1
3589	1500000000000060013	☆*:.ベティ.:*☆解放済	1
3589	1500000000000100698	×地獄の1週間始まり とし｡｡ほぼオフだと思います。仲間の皆様すいません	1
