1	700000000000015432	あかつき	1385112
2	1200000000000007097	Den [今迄道場御利用感謝♪]	887021
3	200000000000002093	だ～と	862415
4	1100000000000049237	しょーたろー	840116
5	1400000000000030881	レンのクモ	632940
6	1200000000000024109	ハンマーＰ@hanmer927	610283
7	800000000000019421	まえじま	539127
8	56150	朱流	518430
9	800000000000008022	ぬる夜	477519
10	1685	ヒトデ	465075
11	800000000000055717	shun-ki@デレ4thSSA両日	459049
12	300000000000004293	すみすみ	410623
13	20	シン	381690
14	1200000000000047370	ブレイブ	368777
15	700000000000014862	霙	365220
16	49243	ミッチー	361624
17	200000000000000257	FUL	360139
18	900000000000003531	NBSK	357562
19	500000000000038750	ちひろ@お休み中	350599
20	600000000000054929	サギリ	348612
21	1400000000000000254	くさったみかん	345273
22	1300000000000096876	グレイズシン	341737
23	1200000000000000367	ライシン	337772
24	800000000000074013	街星[支店長]	318493
25	100000000000001491	クロニクル	318063
26	800000000000081445	HaRi	316797
27	800000000000005026	みょん提督	307357
28	400000000000080348	ひらら	302243
29	500000000000007335	toproad	301493
30	700000000000002075	Tomasson846	298971
31	1200000000000077426	灯夜	290179
32	800000000000003215	如月千早ちゃんのあんまん	288825
33	600000000000085431	kominato72	288732
34	100000000000087368	こもりきり	282427
35	200000000000003813	百善	282079
36	1400000000000003477	背番号9	280215
37	1400000000000057454	ジャンボ	275273
38	1300000000000059041	かつん	273606
39	300000000000004928	ﾐｽﾀｰ紙袋	262411
40	800000000000001094	えだまめ	257441
41	800000000000071754	沢野日紅	257288
42	1300000000000007415	かぐら	254506
43	300000000000050726	おーずP	253458
44	100000000000052492	らいちょう	252042
45	900000000000000347	ぷりに@ありがとうThank you	251838
46	1400000000000040466	たえとも	251652
47	1200000000000083108	まないたやま	250603
48	400000000000075735	ひらっち	249653
49	1000000000000026728	火鳥泉行	249111
50	700000000000049156	PRIMERGY	248536
51	200000000000061701	雑草	244276
52	800000000000043354	かすにち	243602
53	500000000000075890	コウジ	242343
54	1500000000000001683	むみん	241643
55	900000000000052251	麒麟	241547
56	1200000000000001810	鬼ヶ島羅刹	236402
57	1100000000000077055	vol	232748
58	10499	ＧＳ	228365
59	700000000000003446	ポブルセン	225136
60	900000000000072457	KisaragiChihaya	224302
61	1000000000000009807	あらすみ	224070
62	200000000000088507	ot02070	223507
63	700000000000047769	mjd	222399
64	1400000000000097097	なぎに	220700
65	1200000000000002011	ことり	220673
66	1100000000000079686	nbaws	219887
67	800000000000072110	innk	218416
68	400000000000088128	西海	216683
69	500000000000003834	オモイカネ	216320
70	400000000000026317	李	216162
71	1000000000000074714	ヨシヲ	213786
72	900000000000067223	TY	212412
73	80865	青波	212181
74	1100000000000022002	筒屋	211327
75	1300000000000030038	キングフィッシャー	208092
76	1100000000000081815	kazu	207413
77	700000000000004721	GSXZ	206847
78	1400000000000000433	くるくる	205949
79	22917	もけけ	205078
80	100000000000098180	リース	204768
81	700000000000000374	ぷにっしゅ@求）千早・風花・朋花様・可憐HN、出）HN各種	204176
82	800000000000027453	お餅	204000
83	400000000000093035	ゼルモス	199576
84	1400000000000040165	湊奏	199187
85	1200000000000096077	zaki	197028
86	700000000000003663	にいやん▼	197020
87	200000000000028674	ムラサキray	196591
88	60192	北風bbha	195870
89	1500000000000000636	神無月	194244
90	1500000000000054051	ジョンX	192902
91	1100000000000021712	白狼	192607
92	600000000000091855	くまきち	191954
93	900000000000079429	KAKA	191922
94	1300000000000079628	ジョカ	191463
95	500000000000003417	うなうな	190692
96	57184	カシマシ	189755
97	1500000000000002682	龍	188880
98	700000000000050913	しょうま	186801
99	1000000000000041747	GI	186007
100	1500000000000001643	てる	185613
101	800000000000048927	(_Д_┌ )┐ ┌（┌ ＾o＾）┐	184905
102	500000000000061707	Smith	184354
103	1300000000000058146	サガン	182821
104	300000000000049464	umigame	182732
105	1500000000000087310	barley	182234
106	700000000000006440	サン	180925
107	1300000000000023014	ダット	180921
108	200000000000000655	まっか～	180761
109	800000000000003823	じゃむ	180609
110	200000000000032497	Blue Star	179704
111	700000000000004849	フューチャー	179661
112	1500000000000084199	kou	177559
113	500000000000031474	あう	176965
114	700000000000078208	ほうすうりじ	175811
115	900000000000085529	Aquartz	175569
116	4215	セージ	174775
117	55592	コージ。	174724
118	1400000000000000438	r8492	174566
119	200000000000063386	リリン	173349
120	900000000000061172	TOSHI	173168
121	1400000000000008052	首領	172792
122	1200000000000096418	最低の屑	172697
123	600000000000045411	くらげ	171714
124	500000000000054177	うめぞぅ	171460
125	400000000000051037	くろえ	169037
126	1300000000000092416	影山	168907
127	800000000000021365	TAISA	168594
128	400000000000005950	アキト@かなしほ♪(=^･ω･^=)♪	167375
129	200000000000000346	コウ	167144
130	900000000000092967	千早P	165992
131	1000000000000074588	えんじん	165650
132	400000000000096993	高順	163266
133	1000000000000003314	カズ	162639
134	100000000000080451	鈴木	162374
135	1000000000000051507	myon	160632
136	1300000000000058616	雅	159714
137	1500000000000076594	らい場	159559
138	1200000000000004799	templeP	159119
139	600000000000079819	りあむ	158812
140	600000000000008045	ヤス	157964
141	900000000000028707	みな。	157914
142	1300000000000000325	ひろゆきちゃん	157202
143	845	ねんざ	156862
144	300000000000000370	ねこごろん	156794
145	100000000000007149	はぐれ	156753
146	51204	春夏秋冬	156739
147	1000000000000001803	朽木孔竜	156647
148	900000000000013210	Ｈ２ｏ	155960
149	1500000000000080503	臆病風	155754
150	1500000000000001529	ＨＧＨ	155460
151	100000000000015599	双見冬馬	155421
152	700000000000033344	晴真	155170
153	100000000000061383	いんふぇる＊Lycoris	154980
154	400000000000074033	ふぉする	154340
155	1100000000000003035	GoE	154254
156	500000000000074925	くまモン３００	154164
157	1000000000000011183	七宮@求)千早＞真やよいまつりHN/出)他HN	153202
158	100000000000016010	しち	151829
159	1400000000000081108	はえよい	151744
160	200000000000001264	パパンP＠ラウメン募集	151470
161	600000000000007391	BLUME	150896
162	400000000000074056	フハヘ	150015
163	1200000000000074474	ぴーめぐ	149829
164	100000000000097020	レノ	149595
165	100000000000076353	めがね@転職活動中	149588
166	1400000000000002327	大弥	148915
167	200000000000030745	ラグーン 登山始めました！	148865
168	100000000000052322	hukei	148779
169	6537	リライト	147787
170	300000000000062031	ぱる	147236
171	1400000000000002774	バンチ	147112
172	1000000000000021789	シュルツ・マクベイン	146988
173	100000000000053727	じりおん	146734
174	600000000000003220	sinsei	146534
175	1200000000000079066	紅	146467
176	1400000000000000404	ウメ	146111
177	600000000000002745	涼崋	145943
178	600000000000045351	果子p	145924
179	100000000000031382	リラックマ	145632
180	500000000000076833	ゴロちゃん	144530
181	100000000000054058	na	144277
182	100000000000077236	ボールド	143552
183	1400000000000061188	おおば	143214
184	1400000000000049865	Seed	143040
185	97188	サクラナミ	142142
186	1000000000000014637	ぢるの	141984
187	100000000000056495	フィーロ	141391
188	900000000000053094	寝不足	141240
189	300000000000022618	まりあ	141174
190	200000000000002263	ケヴィン	141007
191	700000000000000909	【プロデューサー】八波【アイドル】祈【二足の草鞋】	140860
192	1300000000000037672	仮人	140274
193	800000000000030332	あれん	140155
194	300000000000061324	コウ	139171
195	1300000000000094901	リシア	138730
196	200000000000000106	bisonte	138619
197	100000000000010585	pamaika	138454
198	74889	シロー	138098
199	900000000000061364	イフ	137679
200	1400000000000037555	ケンタロウ	136510
201	300000000000045768	すでのな	136266
202	1000000000000019095	山橋士郎P	136049
203	86824	美琴	135694
204	1400000000000004464	がめす	135351
205	400000000000019231	咲希(saki)	135318
206	1500000000000054760	Muman	135030
207	1000000000000077426	竜巻	134665
208	800000000000025167	マリオ	134619
209	1000000000000053265	ゴキジェット	133974
210	1400000000000056431	修@1/8192	133924
211	100000000000003472	はなけん	133773
212	1400000000000080654	かまがたに	133449
213	1100000000000001182	まめ	133283
214	800000000000040562	なお	133262
215	300000000000073915	まき	132859
216	300000000000005409	ねこじろう	132741
217	900000000000080182	Yukon	132335
218	300000000000074020	水ようかん	132035
219	600000000000009813	きょう	131850
220	700000000000033684	カベルネ	131802
221	75681	町人	131650
222	1500000000000080750	hayate	131050
223	1000000000000098478	つばくろう(仮)	130965
224	85782	密パクP	130091
225	1500000000000003567	はぐれP	129849
226	200000000000008452	Angol	129828
227	200000000000000526	思夜箱	129797
228	400000000000000435	エルミナ@千早道場	129615
229	800000000000003530	焔	128960
230	1500000000000097056	マックイーン	128264
231	75234	｢　　｣	127954
232	300000000000050936	コウ	127885
233	500000000000003553	l-m-l	127626
234	1500000000000097972	PECA	127421
235	200000000000081221	にゃんたP	126790
236	1200000000000049895	きこう	126644
237	700000000000002843	よどどの	126275
238	800000000000042286	Rito＆Momo	125932
239	1100000000000006985	清明@生涯千早P	125853
240	1500000000000001983	タンタン	125761
241	200000000000001574	ビゼン	125741
242	500000000000002457	ざんし	125710
243	1200000000000079657	くらぐら	125291
244	800000000000082381	UVER	125081
245	85368	モリキミ	125030
246	1300000000000000496	あご	124584
247	500000000000074542	shadowof	123865
248	1400000000000077690	ツルペタマン	123486
249	1000000000000025691	＼(圭 )＞	123277
250	1200000000000052057	Rex	122243
251	1100000000000083382	鷹	122178
252	1000000000000003792	紅狸	121966
253	1500000000000015069	はやて@元千早道場	121809
254	700000000000065819	mew	121731
255	700000000000008758	紫紅＠夜勤	121656
256	900000000000018123	オータケ	121478
257	300000000000003395	Track&field	121027
258	300000000000096721	loser	120457
259	300000000000025884	リーダ	120112
260	400000000000023355	タカタ	120068
261	300000000000010629	アルナ	119727
262	1000000000000004687	ぽちえふ	119637
263	900000000000022037	R・田中一郎	118890
264	900000000000082991	ノア	118411
265	900000000000040333	たか	118115
266	900000000000006621	如月 たけし	117580
267	1300000000000057141	ガースー	117272
268	1100000000000081729	HANSEN	116728
269	1300000000000001437	衿元	116578
270	400000000000004357	ゆディックP	116436
271	200000000000078397	音楽に敗北民	116297
272	1200000000000057757	アベル	115592
273	500000000000058381	ジェイコブ	114995
274	1000000000000002719	コットン	114990
275	500000000000003440	創作（ソウサ）	114474
276	600000000000055674	tonDon	114108
277	700000000000003164	霧月	113978
278	77645	kmgiats	113548
279	1000000000000002457	トモヒロ	113489
280	200000000000037838	hemios	113256
281	900000000000018358	Aさん	112652
282	400000000000051157	スピンス	111993
283	1500000000000053581	すかい	111882
284	900000000000048401	コンマ26	111684
285	1200000000000020763	甘夏	111663
286	400000000000007581	はむさんど	111206
287	1200000000000001789	ネティクス	110561
288	1200000000000096412	Synn08	110363
289	300000000000086636	Kskskun	110204
290	1200000000000096021	俺っち	109858
291	1300000000000003337	マシュマロ	109677
292	41396	二宮金次郎	109568
293	600000000000037844	阿良々木P@ﾜｯｼｮｲ!	109097
294	400000000000058819	アカハタ	108845
295	1000000000000044448	ほしまる	108106
296	1400000000000056158	柴犬	107838
297	200000000000051028	some music	107716
298	1300000000000093624	おりびえP	107649
299	700000000000080387	Riko	107522
300	300000000000021441	トーマスたけし	107160
301	1200000000000021059	ユウ	107135
302	4661	ハル	107035
303	300000000000052406	ヒダネ	107017
304	1200000000000003110	こばＰ	107000
305	500000000000006737	緋夜	106990
306	400000000000093185	ユキ	106708
307	500000000000007744	ポン	106606
308	200000000000082606	くめふじ	106578
309	600000000000025086	mihona	106079
310	300000000000061200	マクロ	105970
311	3663	さめはだ	105793
312	500000000000003805	四方山	105678
313	300000000000062110	かみさま	105166
314	1200000000000072360	おけいはん	105112
315	800000000000022105	ろあぁく	104919
316	700000000000004595	まる	104839
317	300000000000033677	カオリ♂P	104632
318	1400000000000003505	あみ【´・ω・｀】	104613
319	1100000000000078762	コタネブラ	104041
320	400000000000021753	nandemo	103622
321	800000000000002506	そら@きりりん	103611
322	900000000000015303	タッチー	103582
323	400000000000003550	J.C	103405
324	1500000000000002897	じゃが	103362
325	1500000000000008089	ヒロツカ	103344
326	1000000000000004602	コースタン	102916
327	7133	アホイドル	102816
328	500000000000004442	カンザキ	102743
329	1400000000000002472	大吟醸	102707
330	1400000000000049261	沈黙の凡人	102700
331	700000000000004344	黒太陽@Wてつを	102652
332	1300000000000014007	ありべじ	102504
333	800000000000084561	くろっしゅ	102474
334	1500000000000008980	GOTTWOZ	102286
335	1500000000000005347	COA	102101
336	100000000000093171	ミッチー	102045
337	500000000000051086	ミーツ	101767
338	1000000000000010126	もっち	101714
339	400000000000050669	ライサン	101686
340	1000000000000058743	花椿	101536
341	500000000000098235	ゴレムス	101278
342	500000000000085425	たけっつぁん	100850
343	1400000000000015950	アスハ	100827
344	800000000000008227	しぐなす	100635
345	100000000000081314	Tarmac	100628
346	300000000000010247	萃香	100350
347	400000000000000150	澄義	99315
348	100000000000001327	えんじん	99113
349	1500000000000079985	ルンパッパ	99031
350	1100000000000004640	冰燕氷鳥	98850
351	71343	らっど	98667
352	1400000000000051937	Snob	98460
353	400000000000050334	ケダチク	98325
354	100000000000047279	りょたし	97777
355	1300000000000024660	ヒロアキ	97298
356	1664	ケイト	97105
357	1200000000000094477	なな	97049
358	1000000000000001784	オルカ	97047
359	1200000000000073938	芹	97000
360	100000000000014075	如月  春貴	96680
361	1300000000000054589	かぜっち	96638
362	400000000000004911	葵さんは村田蓮舫ちゃんを応援します	96611
363	600000000000026475	11EIJI	96238
364	100000000000005279	蒼月	95886
365	1200000000000007751	ツバメや	95772
366	200000000000006547	海鞘(・ω・)	95658
367	500000000000072866	朝露	95332
368	900000000000081703	namizi	95218
369	400000000000050775	ぐっちゃん	95175
370	800000000000001338	ピュアホイップ	94822
371	700000000000075489	aaa	94677
372	100000000000080705	Shibuya	94635
373	45234	昴	94571
374	1000000000000042558	wizlilic09	94310
375	500000000000000075	チーズ屋	94034
376	400000000000000276	Amamiya	93802
377	1200000000000005375	werkstra	92960
378	1100000000000000271	はくはく	92938
379	1400000000000047416	をしるこ	92630
380	600000000000004034	涼風いず	92324
381	800000000000013421	あみゃ@ラウメン募集中	92223
382	600000000000085312	轟ブラックモア	92177
383	1200000000000003093	スーズー	91866
384	1200000000000074963	おきやん	91659
385	400000000000076029	あざらしあこ	91347
386	200000000000004532	B.J	91325
387	100000000000009362	ガッテン@BMD相互埋め募集	91210
388	700000000000062606	リックP	91092
389	100000000000061853	ざわ	91045
390	300000000000077687	ゆう	91002
391	1200000000000001121	超音戦士	90534
392	17983	わんつ→P	90427
393	700000000000005445	ノリピー少将(第3独立機甲師団){ｽﾙﾒ	90109
394	400000000000036771	AquaCo	90004
395	1400000000000021601	geldwald	89815
396	600000000000014335	閣下の忠誠者	89476
397	900000000000073006	エグゼ	89463
398	70511	古明地おかき	89206
399	800000000000000106	伝千	89192
400	100000000000052240	にまめ	88923
401	700000000000076578	かまたす民	88581
402	500000000000019222	和雀	88353
403	600000000000009091	周防美琴	88138
404	1000000000000034160	ゆっけ	87689
405	1400000000000000365	つゆP	86924
406	1500000000000096931	オウジュ	86738
407	100000000000002778	つんつん	86626
408	900000000000020258	Yusuke	85847
409	500000000000062210	193	85689
410	700000000000002990	ポロリ	84987
411	1500000000000011972	はろはろ	84843
412	1300000000000067784	ワッシーMJ	84719
413	1300000000000043391	ナカ	84583
414	600000000000097853	わんだほー	84550
415	1200000000000013867	茜音色	84107
416	300000000000048666	toshi-i	83529
417	51369	海津	83309
418	600000000000095760	さんぱち	82812
419	800000000000098076	墨	82659
420	900000000000013584	謝々！	82560
421	600000000000091276	きっこP	82071
422	1300000000000005133	チョコP	81998
423	400000000000023904	IMR-765-S.KISARAGI	81485
424	800000000000006439	いはつ	81484
425	1000000000000012071	ひろP	81365
426	500000000000074984	エイショウ	81350
427	400000000000021526	宇水	81128
428	300000000000025616	マッキー	81113
429	300000000000087698	もりそば	80912
430	800000000000034417	レンジ	80709
431	200000000000004274	N・A・Ga	80143
432	1300000000000045701	エルセイド	79648
433	300000000000097956	おっP	79646
434	200000000000056210	LUCK	79455
435	400000000000096383	ken1623	79405
436	1300000000000072469	レオン	78933
437	700000000000027846	たぁぼう	78919
438	100000000000000810	こーくP	78900
439	1200000000000005238	ワダ	78880
440	600000000000029426	メルカ	78547
441	800000000000099790	youRyn	77859
442	700000000000022389	エストーラー	77807
443	1400000000000005656	ＴＫＹ	77758
444	1200000000000086403	せきぐち＠ちはミュ2016寄稿	77646
445	200000000000074335	ミナギ	77620
446	1000000000000053660	ハレルヤ	77332
447	96894	かわいいいぬ	77245
448	700000000000003739	みよし	76850
449	800000000000096378	yu	76456
450	1100000000000080863	トモヒロ	76370
451	500000000000053074	ぽん	76352
452	300000000000074801	天華	76117
453	500000000000098610	エコーズ	75941
454	1200000000000002200	カズゲーマー	75572
455	1000000000000022030	スイッチ	75295
456	300000000000000167	yo.	75292
457	80973	pavane	75278
458	1300000000000003793	こてつ	75178
459	1054	ふぇりさ	75144
460	61124	シジョット	74820
461	100000000000050761	れいふぉん	74384
462	300000000000027213	みつ林檎	74080
463	1100000000000085596	Speedbird401	73859
464	1500000000000011792	masa	73779
465	1100000000000002393	dust	73697
466	1100000000000007394	龍鹿	72694
467	300000000000005514	こぱん	72660
468	700000000000022372	ボンネット	72323
469	200000000000004205	炒飯	71951
470	1662	清水たつや	71908
471	500000000000003787	伊園寺康子	71808
472	200000000000018129	ヒロ	71602
473	1100000000000047148	BYK	71401
474	1100000000000073571	JHung12	71006
475	1500000000000059345	りんと	70763
476	500000000000033528	牛たん	70631
477	600000000000095142	一六八	70457
478	700000000000076354	フロル	70400
479	100000000000077041	ぽれぽれ	70274
480	200000000000046305	南天1217	70093
481	1000000000000079481	ナマズン	70019
482	800000000000099756	エコーズACT2	69834
483	200000000000017357	834yen	69805
484	700000000000084085	ユウサイP	69665
485	600000000000055453	ﾍ(ﾟ∀ﾟﾍ)	69564
486	800000000000036474	どっちつかずＰ	69086
487	1300000000000045228	ユー	68518
488	1200000000000069373	たけP	68513
489	800000000000071837	itgeek96	68433
490	1400000000000001550	フラッグ	68265
491	900000000000004967	十六夜	68188
492	400000000000060954	きり	67906
493	1200000000000098197	kowalskii	67531
494	800000000000026471	食堂車 OFF	67361
495	1400000000000077739	soni	67317
496	1200000000000005418	素敵紳士Ｐ	67210
497	1300000000000085979	M影	67036
498	400000000000048735	ヤッス	66989
499	1300000000000005941	tyaritan	66891
500	400000000000024992	DA	66779
501	900000000000052518	ＳＨＯ	66771
502	1300000000000003264	でば	66547
503	1500000000000085473	皇帝	66469
504	600000000000084857	nature09	66450
505	100000000000002305	あんも【同僚整理中】	66284
506	900000000000076135	U.M.	65833
507	600000000000002827	峰華	65276
507	1100000000000095874	スカルク	65276
509	1500000000000023253	久遠	65042
510	600000000000049178	カラス	64804
511	1500000000000000573	Earl	64705
512	600000000000083440	マンモスマン	64328
513	1300000000000078738	おれんじ	64258
514	500000000000053478	ねこすけ	64200
515	1400000000000037919	焦げ鮪	63951
516	200000000000025509	yamakai_	63942
517	1000000000000007439	むねさん	63913
518	1000000000000063187	氷雨@ひさぼっち	63556
519	1000000000000003083	ヴィン	63412
520	300000000000003449	yuki1036	63335
521	300000000000015849	矢部	63308
522	700000000000029758	viorate	63025
523	1200000000000079354	じょー	62913
524	600000000000007064	♪葉月みつる	62910
525	1400000000000006781	のあ	62696
526	1000000000000097208	nVi	62639
527	1300000000000007802	タクティー	62168
528	1100000000000081989	ナツメ	62129
529	200000000000099909	ひろ	62106
530	1100000000000078873	Nokin	61850
531	100000000000050223	ファントム	61800
532	200000000000005129	月守	61579
533	400000000000095845	Lirael	61496
534	100000000000005979	hachi	61370
535	200000000000099483	kawasemi_mk-2	61211
536	900000000000048017	タッキー	60751
537	1000000000000030729	ラリー・フォルク	60156
538	31131	しんちぃ	60107
539	800000000000025929	閻魔 あい	60083
540	600000000000045749	Zin	59908
541	1400000000000025561	ヨウ	59870
542	400000000000098401	あどみらるP	59364
542	700000000000054823	ファルド	59364
544	1100000000000099727	どっすん	59360
545	300000000000094206	coil 0120	59351
546	1300000000000050731	トート	59220
547	1500000000000011087	Kyo	59189
548	1200000000000042015	透音	58943
549	1200000000000036086	ColorCopy	58715
550	1200000000000050456	Long	58461
551	400000000000050070	ベネ	58371
552	1500000000000056338	zin＠求)BMD亜・環埋め	58357
553	1400000000000096058	MaroYakaZ	58213
554	600000000000003292	Zuckey@Twitterにいます	58133
555	500000000000004548	Akaba	58024
556	300000000000037333	ハム太郎	57994
557	23065	ぴろ	57755
558	700000000000050140	ガスm@s	57358
559	1300000000000003719	ショウチャン	57345
560	1500000000000018111	レクトール	57343
561	3849	西岡Ｐ＠求)Vo属性R　出)他属性R	56847
562	1300000000000078339	もっつ	56812
563	1400000000000053713	vit-symty	56789
564	1200000000000038530	ふじ	56689
565	58984	三度の飯は甘いもの	56462
566	500000000000021377	桜雲	56358
567	1100000000000005625	かずし	56285
568	800000000000010349	￠☆ゆみんちゅ☆￠	56070
569	300000000000013039	シャパニア	55965
570	200000000000004253	れいしき	55768
571	300000000000045611	てっしー	55759
572	200000000000015511	くま	55578
573	500000000000013544	ケイ	55330
573	1500000000000021094	noppo	55330
575	700000000000078630	あーち	55047
576	1300000000000024137	しらの	54781
577	200000000000080301	かもちな	54763
578	1100000000000098163	Player 1007040443	54647
579	1000000000000054071	tom	54582
580	700000000000004297	おれーす	54507
581	400000000000000694	おしゃす	54276
582	100000000000080247	リュウ	54265
583	400000000000030323	andy	54244
584	1500000000000016480	くちみ	54110
585	600000000000045618	負け犬	54108
586	11146	ちんどんＰ	54102
587	1500000000000003036	夜月P	54090
588	1200000000000076977	宮内れんげ	54085
589	900000000000003953	シャドウ	54077
590	600000000000050432	ふぉるく	53849
591	1300000000000062339	かいちょ	53826
592	800000000000052138	みしく	53669
593	1200000000000084396	NLFC	53618
594	200000000000054906	yupeko	53485
595	300000000000036878	レン	53337
596	100000000000032185	ムギ	53223
597	200000000000001327	ろまんしんぐ	53184
598	1400000000000096781	ローズ	53111
599	1200000000000076534	junn	53042
600	1000000000000051171	紺碧	52833
601	1500000000000004742	LILY	52805
602	800000000000000033	*	52724
603	300000000000023177	伝説の七十二	52675
604	1300000000000003535	あべしか・まおー	52574
605	900000000000000416	夢若	52524
606	1300000000000057060	マイヤー	52421
607	500000000000096550	九頭　文治	52338
608	1500000000000098378	kz	52196
609	1200000000000096829	おしか	52144
610	1500000000000013970	ネス	52102
611	1400000000000062324	千葉智史	52019
612	300000000000024786	ぺぺ	51993
613	1400000000000028679	シンヤ	51899
614	900000000000062487	みっちー	51892
615	1000000000000003059	八神健一	51858
616	1100000000000074505	めがね松	51670
617	1100000000000000041	yu-ki	51550
618	800000000000022086	雁部ナタコ	51402
619	700000000000030518	のり	51243
620	700000000000051155	kotya	51140
621	700000000000000152	ソティス	51100
622	600000000000028578	カロン	51021
623	500000000000045604	たけ	50893
624	700000000000058579	U子	50690
625	800000000000010311	カミナシ	50572
626	1400000000000001389	あおい	50561
627	700000000000050959	とつげき	50447
628	1200000000000000563	R_C	50305
629	1400000000000060045	ひだか	50225
630	1400000000000086231	なんしー	50126
631	1300000000000005968	シタン	50092
632	500000000000004906	どーじさん	50051
633	200000000000084251	8月9日	50046
634	800000000000005387	いおっちゃん	49886
635	700000000000052824	gsxapricot	49875
636	1400000000000096991	ゆう	49873
637	1100000000000011857	オジー	49764
638	700000000000027020	さやっち	49711
639	100000000000001262	ﾊｲﾃﾞﾏﾘｰ	49674
640	300000000000023626	アカツキ	49463
641	300000000000001590	ぶすじま	49358
642	800000000000065044	Hiroshi	49251
643	1500000000000010936	りんさんＰ	49231
644	800000000000038620	ウリボウ	49204
645	1000000000000028849	ひろき	49200
646	700000000000095244	白原杏	49159
646	700000000000097876	キース	49159
648	1200000000000000684	ふたば	49122
649	500000000000076515	内山	49047
650	100000000000002374	ﾐﾗﾝ	48875
651	81978	沢伍	48872
652	99959	メーサ	48849
653	55434	クルーゼ	48818
654	300000000000010825	まさヤン	48753
655	300000000000046987	銀さん	48665
656	300000000000067806	nock	48663
657	1000000000000006950	kei	48658
658	100000000000008535	ヨウスケ	48600
659	1200000000000053318	呼弥門	48569
660	1500000000000001040	にゅーとろん	48534
661	200000000000056376	みなしごハッチ	48499
662	1000000000000022733	うりぽたん	48301
663	1000000000000041615	たぴおか	48179
664	1200000000000059724	"Ltd.Exp.""Azusa No.2""(8:00新宿発？)＠緋色"	47827
664	1300000000000000148	たかしょー	47827
666	900000000000053507	ぴんたろう	47791
667	1883	ビッグボス	47773
668	28289	harkright	47657
669	1100000000000099902	ドリアンマン	47641
670	1300000000000098826	ナギ	47334
671	300000000000004146	カルラ	47300
672	100000000000056246	あたま	47240
673	1500000000000001735	ルイ	47165
674	700000000000051319	いんぐ	47135
675	600000000000096153	ま	47107
676	600000000000099655	tankentai2	47100
677	800000000000003243	きのっち	46991
678	600000000000026076	さきサン	46870
679	900000000000080003	エイト	46842
680	900000000000031124	ニコル・ボーラス	46805
681	1100000000000028123	バリツ＼(^o^)／	46729
682	900000000000036022	ねるね	46690
683	1300000000000097166	スペクター	46607
684	200000000000030029	またり	46537
685	800000000000000607	ろじ	46500
686	200000000000062159	ナンチャン	46495
687	800000000000025784	アイテル	46456
688	100000000000025787	<Ko-1>がモテてどうすんだ	46425
689	400000000000056625	ぐっすみん	46357
690	900000000000004586	なゆた	46355
691	1300000000000043112	シン	46296
692	200000000000036838	WILL	46150
693	800000000000014164	Doktor松田ァ＝グラブル中心	46116
694	1400000000000052735	高遠	46079
695	900000000000013779	みたらし団子	46059
696	800000000000025569	のっち(Si-R)☆千早P	46058
697	1100000000000002270	いち	45970
698	1500000000000045999	光村	45963
699	800000000000037056	POPOPO	45791
700	900000000000023568	ﾐｽﾞ	45755
701	1400000000000005257	ミユカ	45679
702	100000000000034516	jpmn	45646
703	1200000000000097342	キルシー	45569
704	800000000000007070	山田	45549
705	900000000000096843	ケゴ	45430
706	600000000000051523	ONE	45403
707	1300000000000055067	NHK	45313
708	92115	INFE	45162
709	300000000000020867	ハヤシライス師匠	44996
710	1500000000000003485	げんちょく	44880
711	500000000000100304	Player 1007896549	44831
712	1400000000000081776	mpcarc	44826
713	700000000000034473	ぷちお	44805
714	700000000000003459	よっしー	44784
715	500000000000097277	らいど	44749
716	1200000000000034524	右側(国試に向けて勉強)	44718
717	600000000000006457	camellia	44688
718	900000000000046513	ツバサ10	44570
719	1100000000000003043	鍛冶屋	44552
720	1200000000000099854	ななくさ	44523
721	1000000000000005841	ホッパー	44503
722	1500000000000005519	ドゥルトレッグ	44487
723	800000000000051891	みさき	44390
724	1400000000000047333	メタもる	44342
725	1300000000000015126	ＮＡＡＮ	44144
726	300000000000055677	サビ猫祭り	44143
727	900000000000057069	ゴエもん	44125
728	400000000000074751	alkatne	44058
729	1500000000000006010	園城寺	44054
730	200000000000000062	Ryo@かなさよことはP♪*o(≧▽≦)o*♪	44047
731	400000000000007314	アヴリル	43748
732	1200000000000096717	サイフォン	43717
733	1400000000000028910	よいぴりおど	43716
734	500000000000006975	takeudon	43712
735	1000000000000053014	Waltstein	43701
736	300000000000003202	mist	43663
737	1400000000000042668	ビックス	43661
738	800000000000050990	aiki	43642
739	1200000000000001746	ハイゼンベルク	43619
740	1400000000000005175	たかあーる	43606
741	1100000000000091233	さく	43539
742	700000000000037239	飛鳥	43490
743	400000000000099961	tetsu saito	43451
744	400000000000050765	クラッシュ	43403
745	1500000000000050772	ビヤーキー	43329
746	300000000000007903	黒い塊	43294
747	400000000000019755	COタカシ@紗南色の世界	43214
748	1400000000000051152	みずうみ	43173
749	200000000000000690	くらあく	43157
750	600000000000050317	croMisa	43128
751	100000000000001437	ﾄﾖ	43050
752	600000000000076283	くろ	42981
753	900000000000091756	モリツタ	42913
754	1200000000000037805	やすぱつ	42891
755	300000000000056768	Fassa Kisaragi	42871
756	1500000000000003468	タロウ	42861
757	1400000000000040266	らめーん	42842
758	100000000000016611	紺 ☆ ｺﾒ流れたらｺﾞﾒﾝﾅｻｲ ☆	42744
759	100000000000034025	ノヤマ	42739
760	1500000000000004746	アカチ	42554
761	800000000000084018	はっする	42416
762	400000000000009447	青井【ｱｲﾏｽ同僚募集中です。】	42298
763	1200000000000024810	リッキー	42267
764	800000000000058770	月見酒	42240
765	400000000000007915	奏@神楽	42168
766	1000000000000032023	DANN	42133
767	1200000000000036590	くらのせ	42050
768	300000000000002240	SGW急便	41922
769	800000000000014724	のえる	41873
770	400000000000035317	白猫181	41819
771	1300000000000037890	刃付きのゴロシチ	41788
772	500000000000023692	二階堂	41646
773	900000000000051264	ちはやちゃんが好きなP	41519
774	300000000000096249	Manbou	41444
775	700000000000001432	こうてい	41392
776	1000000000000078962	マサ	41339
777	4168	栗悟飯	41332
778	1200000000000035968	りょう	41247
779	1100000000000057874	meiko	41220
780	1100000000000080506	かも	41155
781	1000000000000000721	おぱマ	40983
782	800000000000000038	Light88	40954
783	1100000000000001639	てすて	40860
784	700000000000097647	LABY	40857
785	500000000000012552	NEKroid	40843
786	900000000000075317	シン	40842
787	100000000000020385	Yua.	40581
788	300000000000098957	カレーさま	40577
789	300000000000003964	ストライプ	40508
790	1400000000000002309	デンジャラス漁師	40494
791	200000000000081009	新録	40474
792	200000000000003208	tkrtxl@必然的にくじ効率主義	40441
793	1500000000000000129	すめらぎこう	40377
794	1500000000000007853	タイヤキ	40294
795	800000000000001520	みぃ	40287
796	200000000000000673	神 尚輝	40053
797	400000000000011419	ラストスミスミス	40028
798	200000000000048223	梟	40007
799	100000000000061386	ukeyhero	39877
800	1000000000000003525	ライ	39871
801	400000000000007764	阿蘇山	39825
802	1100000000000003338	ココット	39816
803	1000000000000093640	佐倉	39802
804	600000000000081777	ナイジェル	39719
805	900000000000011420	潤	39601
806	600000000000061445	moo	39555
807	300000000000008134	さとさと	39530
808	1000000000000034679	ノリス	39519
809	500000000000073942	まーかす50	39498
810	900000000000085458	コウタ	39497
811	1300000000000041239	フォルセティ	39491
812	100000000000055881	春菊オトリ	39418
813	1200000000000080642	VONGOLA@メール使用不可	39416
814	1000000000000015251	コロネ	39373
815	1500000000000100170	あるぱか	39242
816	1400000000000100229	TAP	39234
817	100000000000096661	やよかず	39195
818	1400000000000002752	セデス	39020
819	1100000000000079833	△○	39007
820	1000000000000085722	もちもちきなこ餅P	38986
821	1300000000000019883	フォトン	38950
822	1200000000000018850	コーリン	38939
823	600000000000004613	Eisuke	38903
824	700000000000086844	みりーと	38890
825	900000000000098308	ミズクラゲ	38868
826	1100000000000001999	めっとん	38709
827	1100000000000029417	ツカモリ	38654
828	1000000000000006873	aulait	38634
829	300000000000099609	みゆ	38523
830	1200000000000051075	きぬんちゅ	38484
831	1500000000000051951	ぽさ	38425
832	600000000000080394	ごっくんぼうや	38407
833	1000000000000081119	bisaim	38406
834	900000000000019016	渡来	38362
835	200000000000041861	あきら	38105
835	700000000000097191	Plmokn	38105
837	1000000000000005290	ＶＩＥＷ	38057
838	99391	ゆきを	37928
839	300000000000000182	へろうちょ	37840
840	1100000000000062826	ポンコツ4号@茶和	37771
841	1200000000000075226	芭蕉	37738
842	200000000000086322	那亞瑠	37686
843	55518	さけのこ	37684
844	500000000000013567	Ｒー４１７９	37676
845	200000000000002999	くぐい	37659
846	400000000000039389	kou	37630
847	53556	ふぁりす@ゲストありがとうございました♪	37538
848	800000000000045145	野菜	37465
849	1400000000000002189	けろべー	37403
850	1500000000000100260	e4rtu56i56	37361
851	500000000000006517	ZAX	37232
852	1200000000000079985	る～に～	37228
853	200000000000051690	ぎゃう	37216
854	700000000000073874	あさがお	37180
855	800000000000035752	マック	37157
856	1500000000000052394	きあぬ	37122
857	800000000000002027	ひの	37084
858	1200000000000002482	もょもと兄	37069
859	600000000000100093	がいあ	37003
860	700000000000020623	えーす	36896
861	800000000000037002	ニコル	36820
862	1300000000000094969	かおん	36813
863	600000000000027123	マッドタダ	36758
864	1300000000000011657	ワサビ	36735
865	300000000000033940	マリス	36668
866	500000000000036566	まどか	36625
867	600000000000078564	eizn	36511
868	600000000000005606	さてと（アラジン）	36502
869	1500000000000002933	マグマラシ	36359
870	1500000000000036232	Satoshi	36328
871	500000000000046924	もじゃテトP	36288
872	1300000000000100619	nao3	36262
873	1000000000000003753	ハリネズミ	36170
874	900000000000001560	壁際のいぶし銀	36149
875	94028	DISK3	36135
876	1500000000000098260	ポンペイウス	36119
877	1500000000000000084	フィジ子	36104
878	500000000000001247	しの	36094
879	1500000000000054094	うーさー	35909
880	1200000000000099700	のぶ	35812
881	1000000000000030317	シド	35772
882	1400000000000000386	みかん	35753
883	800000000000045005	翔吾	35676
884	1200000000000011685	よっしー04	35637
885	700000000000011820	社員	35601
886	1400000000000075666	こおりあめ	35592
887	400000000000051860	アナベベ	35442
888	1500000000000001962	ちゃーすけ	35306
889	600000000000002955	em	35248
890	1100000000000020343	おーよそ	35240
891	600000000000056787	シカせんべい	35224
892	400000000000003876	tkm@デレステ/WLW勢	35188
893	100000000000041379	コタ	35185
894	200000000000097350	chirimen	35159
895	654	wtnb	35130
896	900000000000004749	SON	35125
897	300000000000009208	SHlNJl	35072
898	700000000000015352	ボルボロス	35056
899	1400000000000100234	txc	35026
900	1500000000000001015	しゅんころ	35002
901	700000000000003813	道化師	34955
902	1500000000000005370	MIMI	34953
903	82715	ジェフ･ウィリアムス	34930
904	300000000000052223	Magicbox	34884
905	200000000000033359	ぷらね	34813
906	700000000000075949	ムラクモ	34811
907	300000000000033205	おぎちか	34702
908	300000000000081870	多摩ひより	34685
909	700000000000047960	プラウラー	34667
910	800000000000046879	ちぃ	34601
911	97578	ともやん	34591
912	1000000000000085553	もちゆう	34583
913	100000000000050651	シャナ	34546
914	1400000000000007244	モーリー	34539
915	900000000000004256	カガチ	34417
916	1200000000000006661	you	34383
917	900000000000010834	リュウセイ	34361
918	1500000000000076335	まる	34283
919	1100000000000005414	Ulick	34231
920	800000000000054469	jellyfish7	34230
921	800000000000007045	マロ	34216
922	1100000000000058347	72羊	34210
923	100000000000001012	ずきもと	34205
924	1500000000000050494	シダ	34201
925	500000000000080575	るぅー	34090
926	700000000000086903	藤乃丘	34073
927	1000000000000012490	れと	34069
928	300000000000098323	yjoyjo	34058
929	700000000000081332	イノタ	34010
930	400000000000011556	デデデ	33997
931	500000000000095989	hikaru	33928
932	600000000000022832	げんげん	33878
933	1500000000000000418	ＴＡＫ	33764
934	100000000000015744	十六夜	33755
935	1300000000000043263	ontyan	33735
936	1200000000000002975	メルデキア	33718
937	1100000000000004012	ゼンダイ	33640
938	800000000000052896	そらやろうちゃん	33628
939	400000000000072256	UMA	33617
940	42485	リーズバイフェ	33604
941	1200000000000000274	かる	33584
942	200000000000001619	ラキ	33559
943	1000000000000056542	雪	33542
944	59510	viper	33529
944	1100000000000032110	まきば	33529
946	400000000000027714	エンジ	33457
947	400000000000006460	ワルター	33434
948	200000000000099573	ヒツギ	33381
949	600000000000094359	￡夕起￡	33373
950	800000000000000956	チチャリート	33369
951	400000000000007137	百姓	33350
952	1400000000000002646	美琴with甲龍	33334
953	300000000000003071	麻井 鳥	33262
954	800000000000018747	湯沢銀紋	33260
955	500000000000042385	陸奥	33218
956	100000000000009913	トッティ	33205
957	100000000000057341	てぃな	33198
958	300000000000029396	わさびあいす	33187
958	1500000000000099549	B	33187
960	85540	n乃	33186
961	1400000000000097209	松田	33166
962	500000000000004205	あすなろ	33162
963	1500000000000003390	ろきすけ	33127
964	500000000000093956	Hisa	33126
965	1300000000000036225	秋野紅葉	32987
966	200000000000003551	チョッパー	32958
967	500000000000051488	ののの	32944
968	400000000000005403	you	32913
969	200000000000078221	ﾏﾘｹﾛ	32907
970	12569	HIRO	32868
971	1100000000000046123	陽	32859
972	1200000000000057049	stray bunny	32838
973	1500000000000007704	言咸	32812
974	300000000000060542	requiem	32811
975	300000000000002981	name零	32753
976	1400000000000002902	群咲	32752
977	500000000000098171	bahram	32738
978	100000000000075384	早苗	32732
979	1400000000000040858	ポケ	32684
980	500000000000009522	くま	32614
981	700000000000006814	オナガ	32580
982	1300000000000084167	ユウ	32557
983	1500000000000099190	チキンカツ	32550
984	900000000000005005	りどれー	32501
985	700000000000099661	た～き～@同僚募集中!	32499
986	1000000000000000266	雷神竜	32486
987	746	おーた	32481
988	1400000000000087050	CLiP	32432
989	200000000000094873	モルスァ	32406
990	500000000000079467	だしょ	32375
991	900000000000097017	えん	32357
992	56788	Alteisen777	32342
993	900000000000035942	Lucina	32243
994	1500000000000019376	ZERO(Watch wish keen interest!)	32203
995	700000000000001698	オイラー	32200
996	200000000000078334	みや	32194
997	100000000000020836	シュウ	32054
998	400000000000080139	さくら	32025
999	1500000000000016560	mura0929	32010
1000	1500000000000083014	桐生 銀弥	32003
1001	400000000000058064	タマネギ	31975
1002	800000000000086733	かっきー	31938
1003	300000000000016113	gusl119	31889
1004	800000000000033729	よるごみ	31861
1005	1300000000000091349	やなあ	31846
1006	1300000000000001772	スギ EW@フェス支援ありがとう御座います	31825
1007	500000000000074311	グラドス	31824
1008	400000000000056926	TAKE 2ND	31776
1009	700000000000021135	CP	31745
1010	300000000000094636	アルゼカニオン	31686
1011	80199	Player 1004207072	31676
1012	100000000000000743	まるさん	31675
1013	1000000000000062047	シバ	31664
1014	300000000000004261	かめ＠相互埋め＆Vo潜在持ち同僚募集中	31648
1015	800000000000000866	REO	31598
1016	200000000000004429	はくれい	31578
1017	1200000000000039825	DJ OZMA	31572
1018	1100000000000023777	ﾚｲｼﾞP	31559
1019	900000000000061400	すりっぱ	31501
1020	400000000000003506	六花	31500
1021	1000000000000100194	Jack	31491
1022	1000000000000051740	マカク	31488
1023	300000000000046389	two-forty	31453
1024	200000000000081024	すずき	31421
1025	500000000000036994	TICXEL@4thの3月12日のチケット星井	31411
1026	700000000000075165	やっしー	31408
1027	1200000000000027631	ないとめあ	31407
1028	100000000000050634	rezi	31376
1029	400000000000083394	ralij54aa21	31368
1030	300000000000024688	闇を喰らいし漆黒の死神	31341
1031	1200000000000002248	ばらP@ミリオン復帰リハビリ中	31327
1032	1500000000000020377	気づいたら飛んでたかいしゃ	31325
1033	1400000000000032312	momi	31298
1034	1200000000000082521	昭和維新	31255
1035	900000000000078701	竹	31249
1036	1400000000000001200	MS-06P	31226
1037	600000000000002610	ｶｲ	31212
1038	1500000000000023828	ナノナノ ＠豊川休憩中	31195
1039	700000000000022127	リッキー	31185
1040	700000000000077402	ほすほじ	31180
1041	1100000000000029669	Toyo	31160
1042	600000000000000457	リジェノ	31155
1043	1100000000000074106	りるりる	31085
1044	1200000000000014920	紅葉みさき	31062
1045	1300000000000078129	歌らん	31061
1046	1621	ヨシムネ	31051
1047	400000000000097034	fial	31046
1048	600000000000005301	たかち	31038
1049	88578	ＭＩＹＵＫＯ	31016
1050	500000000000040372	いすず	31006
1051	900000000000081488	ゆーすけ	30990
1052	300000000000001821	黒雪先輩	30976
1053	1400000000000072320	おごそか	30973
1054	1200000000000006216	りおーね	30945
1055	400000000000096280	swallowtail	30926
1056	300000000000055583	こめっと	30881
1057	1300000000000052734	しろばと	30796
1058	600000000000095770	LvB	30765
1059	800000000000093071	Akari	30764
1060	1100000000000002968	あさ	30761
1061	400000000000004112	おちょう	30732
1062	300000000000043174	haruzion	30626
1063	900000000000091008	キョン子	30535
1064	1500000000000079552	True	30534
1065	1100000000000015346	RKO-ガンスタン	30528
1066	800000000000000709	サンパチ	30487
1067	1000000000000001208	グリム	30448
1068	1000000000000006977	ケン	30408
1069	100000000000038064	ユーリ	30395
1070	600000000000099167	ゆーむ	30369
1071	500000000000004918	ななし	30366
1072	1300000000000053541	にゃほ	30327
1073	800000000000093831	いち	30324
1074	700000000000065562	ルナミス	30316
1075	1100000000000083614	燕坂	30243
1076	800000000000010646	純情かれん	30239
1077	900000000000084889	土佐鰹	30235
1078	1500000000000003442	しろん	30195
1079	1300000000000078374	真鈴	30150
1080	400000000000020444	ぶりきん	30127
1081	800000000000010013	紅蓮	30120
1082	500000000000020786	あやと	30107
1083	400000000000085572	Ken	30102
1083	1500000000000036091	ゼリーパクパク	30102
1085	1500000000000029914	～はる～	30081
1086	1300000000000056705	かんらく	30067
1087	1300000000000052953	ケフィア	30065
1088	1500000000000030310	THE PEACE	30059
1089	1100000000000012133	なぐあん	30048
1090	300000000000090984	ケルベロス	30029
1091	400000000000024173	たいりつ	30003
1092	5317	梢	29962
1093	81467	Gyuri	29925
1094	900000000000073913	jdr	29911
1095	400000000000075566	ちはや	29909
1096	700000000000076497	Player 1003364999	29907
1097	700000000000085560	オラ太	29904
1097	1000000000000055636	蒼い月	29904
1099	1000000000000067881	シキ毛	29871
1100	1300000000000073045	やつく	29828
1101	1500000000000004807	おとはな	29803
1102	96594	ma-sa	29781
1103	200000000000004861	あたたん	29722
1104	800000000000008518	もりひと	29713
1105	500000000000094409	ザク	29622
1106	800000000000075311	ひびスパ	29574
1107	1200000000000080481	ふんどし	29554
1108	1300000000000080985	スミレ	29549
1109	100000000000078977	シノ	29544
1110	1300000000000056674	杏　	29488
1111	200000000000031902	^ ^	29482
1112	800000000000091541	Pod	29450
1113	100000000000074101	遠山悠夏	29440
1114	1500000000000005158	木霊＠花 BMD相互募集（麗花静香持）	29425
1115	300000000000004606	ジョニー	29423
1116	100000000000039496	ｺｳｼﾞ	29422
1117	100000000000052557	UMA	29401
1118	1500000000000062324	shimogonn	29371
1119	1000000000000074596	オクラホマ	29323
1120	900000000000006875	カプラッチャ	29304
1121	700000000000052894	ゆにてぃ	29255
1122	500000000000006229	まっこりん	29253
1123	1100000000000081534	Las	29234
1124	200000000000000780	ムム	29200
1124	600000000000006550	ゆり	29200
1126	700000000000000304	阿頼耶	29183
1127	900000000000097681	ゆうき	29140
1128	500000000000027771	コーヘー	29134
1129	1200000000000002298	Galaxy(水曜どうでしょう東京藩士)	29110
1130	700000000000061252	のぶ	29049
1131	500000000000000583	さっきー	29021
1132	100000000000004818	宇凪	29013
1133	600000000000074778	北風 雪華	29009
1134	300000000000098515	ユーリル	28978
1135	700000000000034438	リクロ	28977
1136	1200000000000045221	rain	28920
1137	1300000000000003783	ふみ	28912
1138	500000000000041005	凛	28879
1139	900000000000030411	とっくん	28878
1140	1000000000000024277	風吹子	28845
1141	100000000000030540	みおん@いずちはP	28825
1142	300000000000004602	[姫若子]長曾我部もや親	28811
1143	1500000000000052758	Q	28805
1144	600000000000052956	カタイヌ	28739
1145	900000000000022231	たねやん	28727
1146	1300000000000016360	もやし	28683
1147	100000000000031577	しんごん	28672
1148	4354	なんじゃらほい	28589
1149	1200000000000037690	ガオ	28566
1150	1200000000000074683	諒	28541
1151	500000000000045254	こえでぃ	28468
1152	200000000000098212	あらみや	28461
1153	1500000000000034990	やっち	28455
1154	500000000000070397	fubuki	28454
1155	800000000000099863	小耳P	28412
1156	1500000000000000748	ユー	28392
1157	200000000000081534	どれいん	28381
1158	1300000000000020426	しゅうまい	28360
1159	1300000000000003962	GyoooN	28338
1160	1300000000000000331	LAD	28288
1161	1100000000000020707	緋狩	28284
1162	76428	ぶれ	28283
1163	1200000000000045358	axe	28275
1164	1200000000000036960	モーム2号	28247
1165	300000000000034212	ユーリ	28174
1166	300000000000049849	mp1pgmw	28145
1167	1000000000000018694	とんぼ	28104
1168	38122	masa	28086
1169	700000000000074353	あめ	28052
1170	600000000000044562	7371	28050
1171	700000000000091206	とらのたまご	28044
1172	12510	dai	28024
1173	700000000000032424	Jamog32	28013
1174	1500000000000071474	ピーフン	28012
1175	500000000000084162	悪炎	28008
1176	1400000000000024058	ピンセットコレクター	27984
1177	100000000000081639	イナ	27959
1177	1300000000000080396	次郎ちゃん	27959
1179	1200000000000055819	ケビン	27950
1180	1000000000000020319	BOGY	27911
1181	251	ナーシュエ	27865
1182	800000000000002590	高槻家の猫@相互埋め同僚さん募集	27785
1183	80747	結城	27771
1184	1200000000000079254	クマノミ	27747
1185	700000000000010337	ﾏｷﾞP	27720
1186	900000000000093148	YUZU○	27717
1187	1000000000000000049	そらみみ	27705
1188	800000000000006978	BIG HEGO	27697
1189	1200000000000028528	ﾊﾟﾗｼｭｰﾄ部隊	27661
1190	700000000000097520	Msk	27649
1191	1300000000000032388	ゆん	27609
1192	900000000000015118	しゅ	27593
1193	700000000000073551	☆ 輝きの婿 小川A ☆	27592
1194	400000000000088026	あずまなお	27545
1195	200000000000087803	ハイパーＫ（ｱﾊﾞ女装中）	27542
1196	200000000000096363	神楽	27539
1197	400000000000014448	アルテン	27535
1198	600000000000006026	Franboise@フラン	27515
1199	800000000000079911	しっかりします!!	27513
1200	800000000000077217	だいむ	27511
1201	700000000000046848	きょんしー	27484
1201	1000000000000081359	ぴょん	27484
1203	900000000000000043	Ｄｅｎｋｅｃｙ	27482
1204	900000000000043512	たかさん	27441
1205	1400000000000000195	なぎぃ	27434
1206	600000000000098123	よもぎ	27431
1207	400000000000061609	AyuMu	27418
1208	1200000000000012363	光線	27411
1209	900000000000094836	アスカ	27392
1210	900000000000083358	斉藤P	27379
1211	200000000000021272	プリンス	27356
1212	1100000000000086331	燻製	27351
1213	1100000000000014052	y.k	27346
1214	1300000000000014667	ハル	27342
1215	200000000000008601	キロク	27325
1216	1300000000000034423	くるくる	27322
1217	700000000000094884	Tomas	27315
1218	400000000000002554	ジェリー@秋眠中	27304
1219	900000000000041569	白銀	27298
1220	300000000000077739	あふー	27284
1221	200000000000033203	コバ	27247
1222	1000000000000097255	汐莉	27235
1223	500000000000058859	sugar	27234
1224	100000000000062289	みやび	27223
1225	1300000000000075220	kazu	27219
1226	1300000000000059585	おおこけ	27218
1227	200000000000003809	てるお	27185
1228	200000000000085311	ろーす	27172
1229	1400000000000003698	moonsnow	27098
1230	400000000000008822	とっきー	27073
1231	1500000000000008760	S2U	27072
1232	200000000000051852	かわはらなお	27071
1233	56629	イタナン	27055
1234	900000000000075524	めぱる	27048
1235	200000000000005782	か～ねるん	27047
1236	700000000000054189	こよみ	27029
1237	59606	ゲス	26992
1238	1200000000000074542	ボー ・ブランツェ	26979
1239	1100000000000001205	ソランP@ありがとう仙台	26947
1240	1400000000000003559	カド	26912
1241	1300000000000061652	はたけやま	26905
1242	400000000000080171	◯	26903
1243	900000000000059311	uchoten	26816
1244	500000000000039022	やまざわ	26798
1245	1000000000000006175	ダイオウグソクムシ	26792
1246	600000000000052214	RF-4	26783
1247	10908	ユウタ	26780
1248	300000000000006799	氷点下の猫	26688
1249	500000000000076844	あつ	26686
1250	700000000000077087	taka	26685
1251	53583	S-T-R	26680
1252	300000000000079238	翼	26664
1253	100000000000084406	すとん	26631
1254	400000000000002097	ぞら	26608
1255	1200000000000003292	12人の妹の兄P	26593
1256	1100000000000044660	k2	26587
1257	400000000000021918	ほたる	26564
1258	1200000000000056240	てんやわんや	26538
1259	1100000000000094208	ヴォテ	26523
1260	1100000000000001685	歩道橋	26494
1261	200000000000003866	牛九	26483
1262	1000000000000006176	磯辺焼き	26459
1263	600000000000094798	風早	26445
1264	47314	みるく。	26436
1265	1100000000000010034	ＡＱ	26410
1266	700000000000013395	うさぎ丼	26405
1267	900000000000011568	ヒカル	26400
1268	2545	響夜	26390
1269	800000000000091539	ＴＡＫＵ	26373
1270	300000000000074866	顔文字	26363
1271	800000000000023918	ゆっくり(新種)	26361
1272	300000000000080771	かつと	26352
1273	1000000000000015802	わふー	26338
1274	200000000000019208	蛇鬼皇	26328
1275	1300000000000000127	からあげBOY	26326
1276	200000000000025589	ホリー	26313
1277	200000000000055501	如月祐（ダーツエンジョイ勢）	26312
1278	1200000000000010169	消火器	26292
1279	13186	くっまトモP	26229
1280	1000000000000000411	MUFC	26198
1281	600000000000043837	$くっちゃん$	26181
1282	1100000000000015285	ジャミラ@ラウメン絶賛募集中よー	26158
1283	300000000000003608	るりょう	26110
1284	200000000000003086	よしりん	26095
1285	800000000000080182	akifumitt	26093
1286	500000000000081142	gel	26073
1287	1000000000000029163	ああs	26070
1288	1300000000000087659	ガッツ	26058
1289	1400000000000097017	オルテガ	26045
1290	400000000000090597	Player 1005607588	26040
1290	500000000000052284	ぴむす	26040
1292	1400000000000053221	もじゃ	26033
1293	600000000000005633	オサムシ	26011
1293	900000000000003934	マエチョロ	26011
1295	600000000000027343	あい	25990
1296	500000000000055886	Sandvvich板	25984
1297	800000000000096826	はっさく	25965
1298	600000000000030164	GIL	25952
1298	1400000000000006021	heyho	25952
1300	500000000000004827	クロ	25924
1301	1200000000000034836	ゲリラ豪雨	25897
1302	1200000000000099387	Maiko	25896
1303	500000000000006781	やなこぉ	25872
1304	600000000000001390	ナオヤマ	25800
1305	900000000000002992	仙人坊	25790
1306	200000000000002425	黒猫＠HN他引き取り手募集中	25779
1307	900000000000077199	蟹55712	25749
1308	900000000000050148	iho	25737
1309	1500000000000028768	ジョー	25734
1310	1400000000000006896	グラスワンダー	25695
1311	1200000000000031981	ちひゃー	25660
1312	700000000000002750	トシ	25659
1313	200000000000063167	水と炎	25648
1314	900000000000005889	†Shigeっち†(as毒舌無頼党(*￣ω￣))	25644
1315	700000000000046475	じゅん	25642
1316	1200000000000000259	こばると	25636
1317	200000000000000288	緋羽みうな	25631
1318	1200000000000062588	アマツキ	25565
1319	100000000000045876	うさぎたろう	25542
1320	1000000000000084658	A@K	25536
1321	1000000000000078091	ノワール	25484
1322	500000000000075116	ハツ	25458
1323	1100000000000005383	若葉	25452
1324	900000000000062391	ななか	25450
1325	1300000000000000657	夏追P	25448
1326	200000000000099133	つな	25431
1327	800000000000037414	ろーば	25387
1328	1200000000000083339	ふのん	25385
1329	900000000000072985	みうら	25384
1330	98360	ゼッコ	25381
1331	400000000000022633	夜天の騎士~knight of Umimi~	25344
1332	200000000000097424	NG-5	25337
1333	600000000000047104	猫島犬右衛門	25279
1334	1000000000000056825	古葉。	25276
1335	900000000000009103	あ	25275
1336	300000000000087614	にくぴー	25272
1337	1400000000000000088	Altair	25262
1338	800000000000000120	さなひろ	25229
1339	800000000000003390	水樹彩奈	25184
1340	900000000000084716	タカヒロ	25181
1341	1400000000000027059	ぜろす	25176
1342	600000000000096587	HY	25157
1343	1100000000000023089	ありあさん	25139
1344	1300000000000019499	ゆたろ	25136
1345	300000000000012082	souta@t	25121
1346	1300000000000051209	よし	25110
1347	300000000000040128	ギルバート	25084
1348	600000000000056814	よっぴサンド	25058
1349	1000000000000011917	小須田	25054
1350	1300000000000097023	Voldemort	25051
1351	1500000000000011639	コウ	25039
1352	200000000000007496	ねういちさん	24950
1353	200000000000024860	牛尾ルート	24939
1354	1000000000000047770	ゴルゴ	24933
1355	100000000000050965	らぶちは	24929
1356	500000000000092034	ポピハム	24898
1357	700000000000062730	No.6	24887
1358	1500000000000078311	はるや@同僚募集中	24882
1359	200000000000000535	YOH2	24868
1360	800000000000076076	あか丸	24832
1361	400000000000058568	906	24812
1362	1200000000000002502	しらたきＭＯＫＯ！！	24810
1363	600000000000013694	おろろ	24768
1364	1100000000000005095	マタスー	24726
1365	100000000000000328	sin	24716
1366	200000000000061833	星花	24711
1367	500000000000077337	タッピー	24687
1368	100000000000052500	MS05	24678
1369	1100000000000078882	KKKKKKK	24676
1370	700000000000078063	キムキム	24668
1371	600000000000052812	キサラギ	24660
1372	800000000000097273	たむまさ	24655
1373	1000000000000006584	はっきぃー	24635
1374	1028	けＥすけ	24634
1375	900000000000024666	ぷち	24601
1376	1500000000000058451	123456	24594
1377	200000000000003648	かため	24569
1378	600000000000003421	無命	24551
1379	600000000000025819	☆すぅ☆	24544
1380	100000000000004553	タカタカ	24480
1381	1100000000000077631	ぶるる	24476
1382	500000000000003609	オノボーP@奈緒すばるん担当	24434
1382	1500000000000000880	ザキザキ	24434
1384	1500000000000007289	たま	24432
1385	200000000000082629	春風	24429
1386	1000000000000051761	こう	24408
1387	900000000000038882	チルノ	24385
1388	1200000000000019296	motoka	24384
1389	800000000000026963	midget	24344
1390	500000000000099509	ぺーた	24342
1391	800000000000013163	ジーヨ	24338
1392	800000000000005193	り～	24325
1393	200000000000001358	ノノノ	24301
1394	600000000000006476	loki	24282
1395	1000000000000010333	kg	24274
1396	800000000000098181	高木幸助	24269
1397	800000000000002137	天パ少年	24234
1398	1500000000000019405	マジノ	24206
1399	600000000000052366	c22b	24204
1400	27911	希依	24192
1400	1100000000000023576	帆立貝	24192
1402	300000000000022706	ぼーず	24180
1402	1100000000000014370	ほり	24180
1404	400000000000000238	はるひっち	24168
1405	100000000000043853	クライン	24153
1406	200000000000029449	てるる	24081
1407	1200000000000054329	NACS	24071
1408	1500000000000036536	暴走自転車	24062
1409	1200000000000054481	たま	24059
1410	500000000000046263	カズマ	24058
1411	1200000000000001692	ちょろん	24055
1412	1500000000000060553	フランツ	24045
1413	400000000000010693	ランタロ	24025
1414	900000000000002007	karma	24008
1415	700000000000021242	カズナカ	24005
1416	800000000000067279	ケニ	23961
1417	300000000000074112	窒化イオン	23954
1418	1000000000000076312	毬尻尾	23913
1419	1000000000000003575	きちえもん♂@BMD茜ちゃんあります	23891
1420	1100000000000095423	ランディ	23884
1421	1100000000000083772	さくら	23881
1422	1500000000000088269	釈迦堂	23876
1423	1200000000000098955	じゃがいも太郎	23862
1424	700000000000009399	留姫	23828
1425	700000000000050418	黒奈	23775
1426	400000000000060506	フライン	23763
1427	1500000000000035910	タカオニ	23723
1428	1400000000000033326	ぺぎﾌｸﾞ	23719
1429	1000000000000098551	えとたま	23714
1430	700000000000002901	rino	23711
1431	700000000000011494	吟醸	23710
1432	500000000000046782	ぶちメガネ	23709
1433	400000000000060652	いつき	23679
1434	390	軽量	23659
1435	78059	泉カラビナ	23652
1436	1400000000000022923	ファントム	23643
1437	1000000000000097336	なぎさ	23632
1438	1000000000000024591	tauras	23624
1439	1000000000000002649	KUJIGEN	23608
1439	1000000000000003627	桜吹雪	23608
1441	200000000000009347	にら雑炊	23603
1442	1100000000000086676	ojita	23577
1443	1300000000000097430	subetewa	23564
1444	800000000000049893	乃羅猫	23550
1445	500000000000019874	ワッタ	23538
1446	600000000000037098	tsq@真全所持	23535
1447	100000000000005275	Jin☆彡	23524
1448	400000000000085074	氷室	23507
1449	1500000000000006989	URIKI	23499
1450	7141	NS	23474
1451	1000000000000058019	皇帝	23454
1452	1200000000000074947	37P	23446
1453	200000000000077526	L.C.＠おぱもぐ	23440
1454	600000000000029479	disk360	23437
1455	400000000000003250	しのじ	23425
1456	300000000000058373	八雲	23416
1457	800000000000007972	バーガースケーター田尾寺	23415
1458	600000000000012020	ともとも	23400
1458	1300000000000007486	ウル	23400
1460	100000000000086702	しのぎ	23366
1461	1300000000000003988	hoyorin	23334
1462	800000000000003478	ツヨスィー	23294
1463	1500000000000086625	ごっつ	23281
1464	400000000000077520	ダイグ	23251
1465	100000000000003612	サニー	23237
1466	75677	おくら	23218
1467	200000000000088568	ミツナリッチ	23209
1468	1500000000000058253	にーよ	23207
1469	1100000000000077653	グルコサミン	23186
1470	400000000000004935	ルキャラメ	23176
1471	1400000000000057542	かろっぽいど(BMD相互埋募集	23170
1472	300000000000007520	乱絶	23157
1473	600000000000080373	ふかっしー	23128
1474	96634	WoLF	23120
1475	1500000000000041603	名誉会長	23104
1476	300000000000056693	マスオ	23088
1476	1200000000000034321	ユウ	23088
1478	100000000000012727	ﾌﾞｯｸｽ！	23067
1479	300000000000078470	のじゅん	23049
1480	200000000000098267	おのっち	23004
1481	1400000000000004898	zemsel	23001
1482	1500000000000000182	あるば	23000
1483	500000000000085822	みゅう	22995
1484	200000000000030488	桜野マリ	22992
1485	1500000000000053983	だし巻き卵	22987
1486	1000000000000004019	悪来	22968
1487	700000000000080489	SHIKI	22957
1488	1200000000000052234	コショウP	22939
1489	60834	むせきつい	22924
1489	300000000000075145	メグミ	22924
1491	300000000000098853	TKAZ	22907
1492	800000000000005056	anonymous	22860
1493	300000000000056351	リンゴ	22848
1494	700000000000004325	alex	22842
1495	100000000000006803	桑田義雄	22839
1496	10743	KZ	22818
1497	1500000000000085514	四郎山	22810
1498	1400000000000070052	ぼいじゃ	22794
1499	1500000000000061976	bd8z	22755
1500	1500000000000005148	あき	22752
1501	200000000000100007	ロウリュ	22749
1502	1500000000000074587	相沢祐一	22726
1503	700000000000001270	HAL	22716
1504	400000000000060616	ツンデレ	22713
1505	300000000000000009	ぐわす	22705
1506	900000000000044707	Catmint	22678
1507	900000000000080212	よこよこ@同僚募集中！	22667
1508	800000000000099810	かぐや	22662
1509	200000000000098459	リーノ	22644
1510	100000000000080347	ベンさん	22638
1511	800000000000085428	koda_p	22610
1512	800000000000000253	slumber	22605
1513	300000000000002994	スマイル	22597
1514	4174	m249qz5	22590
1515	500000000000091218	ちびお	22574
1516	500000000000013201	さいどん	22573
1517	1000000000000099317	it	22560
1518	1200000000000032989	氷	22557
1519	1200000000000093866	こうの	22556
1520	100000000000074302	ないと	22512
1521	800000000000006441	ＫＥＩ	22500
1522	1200000000000053085	信州小僧	22498
1523	400000000000094924	ジゼル	22488
1524	700000000000000755	ルー	22476
1525	1300000000000098419	ぴりい	22471
1526	100000000000015597	カドゥー	22461
1527	1500000000000056742	こーの。	22454
1528	300000000000094822	micoto@R A Y	22451
1529	500000000000013661	めがれ！	22422
1530	1500000000000046724	櫻井旭	22414
1531	1000000000000013425	ひろ	22402
1532	400000000000080236	teko@同僚募集中です！	22396
1533	100000000000058183	sor	22376
1534	400000000000099532	Ｉｓｏ	22370
1535	800000000000075188	餓凰	22347
1536	100000000000007399	Mr.	22333
1536	500000000000094246	ナビスコ	22333
1538	1400000000000026844	ヤト	22324
1539	1300000000000073071	OLANGE	22321
1540	500000000000060344	水野	22319
1541	300000000000003950	闊歩(BMD相互埋行い中	22314
1542	1300000000000069393	それなり	22308
1543	1500000000000028171	ゆきくも	22262
1544	1000000000000096105	エア	22261
1545	1100000000000045670	G.Z.R	22243
1546	74691	みおぽん	22236
1547	200000000000001135	大之輔P(しるこサンド)	22230
1547	700000000000052524	あう＠輝きのこっち側	22230
1549	300000000000084647	ﾄﾓｸﾝP2	22228
1550	38197	ばった	22225
1551	700000000000060288	ハリス	22207
1552	1100000000000077209	タヌキ	22205
1553	1300000000000007557	まつば	22198
1554	400000000000074767	ノラ	22178
1555	400000000000047387	マイティ	22164
1556	1200000000000004477	井川KP(微笑青狸)	22163
1557	200000000000074962	みゃび太	22153
1558	100000000000097464	マッツィーニ	22151
1559	500000000000005318	柳也	22147
1560	1000000000000055597	いろいろ	22089
1561	1100000000000013153	ys6	22080
1562	1300000000000038846	ボン	22044
1563	900000000000080364	ゆうほー	22027
1564	200000000000000087	スバトザ	22020
1565	1684	斗亜	22011
1566	1400000000000024751	まこ	22008
1567	1200000000000094154	まっちゃん	22005
1568	600000000000036118	20円	22000
1569	200000000000079594	mark	21990
1570	1300000000000046700	ponytail	21979
1571	800000000000023404	対馬	21973
1572	500000000000047502	かま	21972
1573	400000000000045599	halbelt	21945
1574	600000000000067400	ごま	21939
1575	600000000000043473	ふぅ	21934
1576	200000000000046095	みのる（アイマス仲間募集中( ´艸｀)	21906
1577	1400000000000001462	トモ	21900
1578	1500000000000000475	ありあ＠	21885
1579	1300000000000004196	Fiz	21854
1580	1000000000000005965	ぴえ～る	21849
1581	4579	ねおち	21846
1582	800000000000098936	u	21841
1583	200000000000016548	咲夜	21820
1584	1500000000000004244	アルロイド	21785
1585	400000000000004064	たぬき囃子	21776
1586	400000000000004365	伏竜	21770
1587	1300000000000059009	Kadosh	21762
1588	600000000000079030	いつき	21756
1589	800000000000007919	スー　	21740
1590	1200000000000077536	基也	21689
1591	500000000000017727	金蔵	21680
1592	300000000000065055	sola	21669
1593	300000000000095913	テル	21660
1594	1300000000000077913	Law7ari3A	21656
1595	100000000000005384	マー	21639
1596	500000000000055491	しお	21638
1597	900000000000014142	金(金目鯛39っち)	21636
1598	900000000000082323	アリス１９	21586
1599	1500000000000011204	刹那†血鎖	21567
1600	1100000000000003078	yone	21564
1601	1000000000000002828	けい@満開の桜はるるん求む	21537
1602	100000000000005094	KTP	21535
1603	200000000000000758	ヤコブレフ	21492
1604	1200000000000002156	舞弥	21488
1605	100000000000005727	雨音	21476
1606	1500000000000063329	ろいにわ	21474
1607	1200000000000000361	べっかむ	21463
1608	300000000000080298	march	21460
1609	600000000000001622	ヒコイチ	21439
1610	1200000000000003913	ﾕﾒｦ	21418
1611	100000000000003605	ハラ4	21392
1612	100000000000075741	ラーマ	21385
1613	900000000000052979	MEGASSY	21342
1614	700000000000083730	優（ユウ）	21341
1615	200000000000080606	ゆうご	21322
1616	1500000000000007283	こじこじ	21317
1617	1400000000000067385	Player 1002125758	21308
1618	1000000000000079168	でんちゅう	21304
1619	700000000000001676	みおみみお二型目	21300
1620	1100000000000076265	まーりゃん	21293
1621	1400000000000100145	トミー	21287
1622	200000000000001964	9012511ぴきのネコ	21276
1623	1000000000000001815	魚雷	21265
1624	600000000000045647	Anty365	21260
1625	1300000000000002264	rhysum	21228
1626	1100000000000012283	秋路	21225
1627	1100000000000003500	星月	21206
1628	300000000000002104	しまー	21198
1629	1100000000000075985	ソニゼル	21175
1630	200000000000016760	イシマサ	21163
1631	400000000000026153	DOMINO	21161
1631	600000000000099482	nazu	21161
1633	1200000000000011633	ミキ	21147
1634	900000000000075335	テムジン大勝利	21123
1635	700000000000042163	ヨシ	21114
1636	1000000000000055192	たこやき	21105
1637	800000000000095542	ゆか	21082
1638	900000000000000169	りょうの	21079
1639	600000000000023062	実家の御飯	21078
1640	1000000000000053234	まつらいP	21076
1641	100000000000010691	無名ドラマー	21068
1642	1300000000000028597	まろす	21032
1643	300000000000001019	Ulmia	21024
1644	800000000000012251	はい	21022
1645	700000000000052593	ニワリス	20971
1646	1300000000000016653	愛	20968
1647	1000000000000046951	青紫蘇@飴、飴を貯める	20955
1648	1500000000000099341	Player 1007398607	20952
1649	100000000000003485	剣持	20918
1650	100000000000070468	エレナ	20895
1651	400000000000003301	カボ	20892
1652	400000000000003439	ya-mi	20880
1653	100000000000004557	よねこ	20870
1654	500000000000033502	あるも	20869
1655	600000000000044680	Muteki_Link	20865
1656	100000000000003705	アクセル	20864
1657	100000000000078027	青森のスーパースター	20836
1658	100000000000009115	cham1231	20831
1659	900000000000097459	izmy	20817
1660	1200000000000019032	ちぃ	20806
1661	1000000000000003070	かんにょ	20786
1662	1100000000000094285	たつ	20777
1663	400000000000074267	Player 1002974052	20776
1664	100000000000050307	まめ	20748
1664	300000000000033318	夜桜	20748
1666	400000000000097990	byorori	20738
1667	1500000000000014805	AREA88	20736
1668	100000000000000656	しぃ	20731
1669	400000000000009358	どらすけ@同僚募集中	20726
1670	1500000000000002953	ho	20704
1670	1500000000000097705	OWN	20704
1672	1500000000000002866	かたなし	20701
1673	900000000000099476	kumagawa ekaru	20692
1674	900000000000043170	篠川	20687
1675	200000000000010803	S@M	20652
1676	1200000000000052546	古呂兵衛	20646
1677	1200000000000041828	しんとも	20629
1678	700000000000018753	キョウ	20628
1679	300000000000096449	やす	20625
1680	1300000000000004204	みおん	20619
1681	400000000000077106	とろ	20615
1682	200000000000062308	アマスク	20606
1683	300000000000042787	黄身	20604
1683	1100000000000000079	ドリラー	20604
1685	100000000000010340	Escha Malier@ラウメン募集中	20601
1686	300000000000007590	菩提樹カイロに行く(ノ^^)ノ	20584
1687	900000000000024451	かぐらんらん	20578
1688	800000000000080896	Player 1004461224	20564
1689	100000000000030657	バナナ	20550
1690	1400000000000022311	BlacK20	20538
1691	800000000000078804	リョウ	20535
1692	400000000000073681	崔丸	20521
1693	13116	たけし	20517
1694	100000000000012398	あんいちP	20502
1695	1500000000000099619	ヒッちゃ	20485
1696	100000000000004042	エッセンシー	20467
1697	700000000000056327	K.M	20464
1698	800000000000052057	ぽん太	20463
1699	400000000000000840	でんすけ	20459
1700	200000000000056284	龍壱	20441
1701	800000000000050569	ぴにゃ大福	20439
1702	500000000000093326	山翁	20438
1703	900000000000051638	ダイセン	20435
1704	800000000000026981	sei	20410
1705	600000000000029705	ヤス	20409
1706	1200000000000053841	ＳＵＮＮＹさん	20400
1707	200000000000079806	ラネージｭ	20397
1708	1200000000000054833	カツG	20371
1709	600000000000074928	たろす	20367
1710	400000000000052883	レイウォール	20366
1711	1400000000000097680	レストイン	20362
1712	800000000000020765	ちぅちぅ	20337
1713	1300000000000072553	`kito	20333
1714	900000000000007054	えんたろ	20323
1715	1100000000000069010	えるこん	20313
1716	2818	hihihi	20306
1717	100000000000002499	シメイ【アイマス用】	20304
1718	200000000000029947	ｸﾗｳﾄﾞ	20299
1718	700000000000057048	HARTMAN08	20299
1720	400000000000044243	じじ	20293
1721	81617	ゼロ	20288
1722	100000000000032214	ニック	20279
1723	600000000000015062	酸素	20275
1724	1400000000000006562	Ｔｅｔｓｕ	20268
1725	400000000000094979	Diana	20251
1726	1200000000000080295	Player 1004302124	20244
1727	1400000000000000398	ぺんぎんα	20241
1728	1400000000000060449	kanie	20228
1729	300000000000077058	マサ	20205
1730	1100000000000006857	カツ	20188
1731	100000000000093456	テツなひととき	20182
1732	7997	一流	20181
1733	700000000000026843	マギー	20177
1734	1400000000000011201	ベネット	20164
1735	600000000000051629	yzk	20160
1736	900000000000015302	スノウ	20147
1737	400000000000030769	バンザイ先生	20137
1738	46033	Ｋｅｉ	20136
1739	700000000000028296	あははっー	20132
1740	1000000000000008214	GOTH	20131
1741	1100000000000008170	ひとりボート	20125
1742	1000000000000000531	ヤギロー	20108
1743	900000000000004470	クヴォッチ	20103
1744	1300000000000016382	kokonoka01	20096
1745	600000000000000159	シュウ	20082
1746	200000000000087169	ハウキャン	20075
1747	1000000000000052263	わんた	20071
1748	1400000000000052817	まろしむ	20060
1749	1000000000000013696	ヤキイモ	20048
1750	300000000000093732	ゆきと	20046
1751	200000000000078079	アリアリアリ	19989
1752	1300000000000003835	じ８	19985
1753	1500000000000002560	いた	19984
1754	1000000000000009769	ぽち校長	19978
1755	924	みーやP@BMD相互埋め募集（出.静香 星梨花 亜利沙	19964
1756	900000000000096853	なのさん	19950
1757	1300000000000013827	わんわん	19937
1758	600000000000052670	久斗	19933
1759	100000000000060574	ﾕｳｷ	19930
1760	600000000000099331	萩原	19921
1761	1100000000000023714	みさきち＋ラウメン募集中！	19915
1762	1500000000000081831	そうほんけ	19913
1763	400000000000001977	naonao	19879
1764	1500000000000059031	ケンボー	19845
1765	200000000000019207	ときちゃん	19835
1766	1500000000000072934	カムイ	19813
1767	100000000000042113	カズタカＭＫ2	19806
1768	100000000000001478	にゃんたろう	19791
1769	1500000000000075367	いお	19765
1770	300000000000075943	レミア・シロ	19762
1771	100000000000092122	keit	19757
1772	400000000000024068	ゆうさん	19752
1772	600000000000072115	Taka	19752
1774	800000000000026697	こうたろ！	19734
1775	200000000000100551	truepectan	19725
1776	500000000000009145	シャサブロウ@風来坊ジュリア	19712
1777	1400000000000004230	うさだるま@大グレン団	19694
1778	900000000000000369	IZUMO	19693
1779	1400000000000028716	あした	19646
1780	1400000000000016692	ＬＡＹＬＡ	19643
1781	1500000000000051609	ペトロス	19642
1782	4541	それも私だ	19620
1782	500000000000050070	ムギ介	19620
1784	200000000000082067	愚民	19616
1785	700000000000052518	そうぎり	19610
1786	200000000000018407	なはと	19606
1787	500000000000097876	Jink	19573
1788	1100000000000002901	shiki	19569
1789	1500000000000059704	tribal	19562
1790	700000000000020890	ﾗﾄﾙﾀ	19526
1791	900000000000080526	ツナ缶	19510
1792	200000000000006712	たかなみ	19500
1793	500000000000086704	桜舞	19475
1794	100000000000075299	グーナー	19464
1795	1300000000000061952	REBECCA	19448
1796	1000000000000084653	真日和	19439
1797	1200000000000079883	オリジン兄	19435
1798	1400000000000073719	you	19433
1799	100000000000045543	赤枠	19397
1800	900000000000093128	あじの	19380
1801	1200000000000012695	takaaさん	19379
1802	1300000000000042758	ＷＲＩＮＥ	19361
1803	100000000000007141	ころまろ	19344
1804	400000000000004916	えしとかよすとか。	19342
1805	1432	パドレ	19313
1806	1000000000000085449	くぼつ	19305
1807	1500000000000085067	やぶねこ	19301
1808	80455	ユウキ	19298
1809	1300000000000052509	hassy	19290
1810	1400000000000066273	なしの	19288
1811	600000000000080171	IKED	19272
1812	100000000000077763	JBK	19266
1813	1100000000000095330	みやこ	19250
1813	1300000000000006806	にゅあ	19250
1815	200000000000082650	ゆんた	19239
1816	200000000000093534	J	19238
1817	400000000000030402	ここの	19237
1817	500000000000002453	タカタカ	19237
1819	1400000000000028924	you	19231
1820	300000000000000497	加賀城	19190
1821	1200000000000008699	ゆかりんご	19184
1822	1200000000000022865	アキラせんぱい	19162
1823	8223	恵良	19160
1824	500000000000016940	6号	19147
1825	1500000000000036532	いっけー	19145
1826	1000000000000001351	F澤	19144
1827	1400000000000000145	黒崎	19131
1828	900000000000046399	けるしあ	19126
1829	300000000000086214	まっさん	19117
1830	900000000000088094	渡さん	19116
1830	1400000000000004393	あな	19116
1832	200000000000093490	siruban	19088
1833	900000000000062552	tiduru	19076
1834	1100000000000053002	プチ	19064
1835	1400000000000036063	かまなとや	19063
1836	1100000000000038556	ヒデ	19060
1837	300000000000053068	anonymous	19026
1838	100000000000099499	シンザンP	19009
1839	100000000000001981	くさだんご	19003
1840	400000000000037283	まっふぃ	18996
1840	700000000000099115	山さんさん	18996
1842	1000000000000085145	NAO	18990
1843	700000000000079413	ヨハン	18986
1844	438	コリドー	18980
1845	1500000000000033736	WassaP	18960
1846	1400000000000002484	Mt-under	18953
1847	57489	たっち	18952
1848	500000000000006524	刹那P【要×ﾘｸｵﾌ空○】	18949
1849	300000000000073075	uma	18887
1850	1100000000000007085	のんけ	18849
1851	200000000000099575	Player 1007331618	18845
1852	900000000000012323	フリテン	18844
1852	1000000000000086689	キュベレ	18844
1854	5651	イラクサ	18842
1855	79278	alt	18827
1856	500000000000097101	ダースベイダー	18823
1857	400000000000010736	た	18820
1858	100000000000053714	たらて	18814
1859	1500000000000044575	ミャー	18809
1860	200000000000002653	はやて	18800
1860	600000000000045924	ヤマ	18800
1862	5753	まきの	18764
1863	400000000000004401	シヒロ	18762
1864	1400000000000097941	middleworia	18758
1865	500000000000037374	ORANGEPEKO	18747
1866	100000000000058028	talk	18737
1867	69346	みきたん	18711
1868	500000000000000609	タクヤ	18656
1869	1300000000000020580	白藍	18649
1870	1000000000000098125	Player 1006945994	18648
1871	400000000000079454	マリオ	18643
1872	1500000000000035516	孫策⌒☆【p☆p】...	18642
1873	400000000000024422	かっしー	18634
1874	600000000000015201	Twilking	18623
1875	800000000000086437	umin5571	18621
1876	1500000000000000837	柳木枕	18618
1877	900000000000054244	　舞姫	18594
1878	400000000000085806	哀	18590
1879	200000000000017348	Rar@強化型クラッカー	18582
1880	25819	ジャスティス	18579
1881	900000000000062035	名無し	18575
1882	500000000000029102	わたりんこ【ダビ伝】	18567
1882	1100000000000099993	みやモン	18567
1884	700000000000033776	ヒロ	18564
1885	500000000000096292	えんどー	18561
1886	400000000000079975	あらまさに	18546
1887	100000000000003771	ケイ	18535
1888	1300000000000096728	機械仮面獣ゴート	18520
1889	600000000000055357	ぃちゃな	18518
1890	300000000000099279	Player 1007485491	18506
1891	1973	カステラ	18502
1892	500000000000099841	雪見だいふく	18496
1893	300000000000022441	ワンス(カープ応援中)	18495
1894	100000000000001008	緑茶	18489
1895	400000000000084053	隣の座布団係	18486
1896	1500000000000024490	ぴろしき	18462
1897	500000000000002898	ラズ・エルザ	18460
1898	1500000000000097048	ルーシー@同僚募集中	18440
1899	1200000000000017951	Name-M@【謙虚】【感謝】【本心】	18433
1900	100000000000091281	石地蔵のお雪	18411
1901	800000000000051043	シーエル	18403
1902	1500000000000001761	ラムサス	18399
1903	1500000000000052621	うゅー@瑞希全所持	18393
1904	1200000000000001116	ぬらら	18391
1905	700000000000075417	メープル	18383
1906	600000000000000448	ゆん	18380
1907	300000000000043603	kia【】	18370
1908	1400000000000012111	にんにん	18368
1909	100000000000085301	GTHM	18364
1910	300000000000004638	AGVAL	18340
1911	1000000000000000489	ぺるそな	18339
1912	700000000000070308	よしやん	18334
1913	1000000000000004979	くろぶち	18317
1914	700000000000000966	ハードケース	18316
1915	800000000000061403	のん	18308
1916	37774	nobnob	18300
1917	200000000000005206	WINNER	18298
1918	1000000000000000378	三郎	18293
1919	30217	ガッツ	18288
1919	1500000000000004969	mildseven3mg	18288
1921	1000000000000022436	ふえひこ	18273
1922	1000000000000027066	草薙丸	18268
1923	700000000000003572	うり	18245
1924	100000000000075045	しょうじ	18241
1925	500000000000004936	ケーン	18232
1926	1400000000000072807	しがない：会計方	18217
1927	1300000000000004041	沙夜	18204
1928	1100000000000018070	お口の鯉人	18199
1929	300000000000075301	オーシュン	18197
1930	37193	ハヤブサ	18182
1931	1500000000000051980	枝花 @らうめん募集	18178
1932	1500000000000095820	はくたか	18167
1933	1000000000000029815	クメン	18149
1934	900000000000012202	松風嵐	18132
1935	1500000000000059322	コロンボ	18107
1936	500000000000097163	ユウスケ	18075
1937	400000000000046435	ぱないの。	18054
1938	600000000000099532	志	18051
1939	1300000000000011898	トウマ	18043
1940	700000000000074152	カツオ武士(P)	18042
1941	800000000000054416	ディーサイル	18039
1942	700000000000098565	ひで	18037
1943	800000000000011499	Ch@rlotte	18032
1944	1200000000000001046	Ext	18014
1945	200000000000005062	しゃけ	18012
1946	500000000000092152	ジクロロ	18007
1947	1200000000000065367	しうい	17996
1948	1000000000000058882	ハイバリー	17986
1949	700000000000001788	やまぬら	17976
1950	200000000000094919	涼介	17969
1951	400000000000078588	スローロリスくん	17966
1952	200000000000008368	kuro	17956
1953	1500000000000051854	ゆと	17953
1954	700000000000072351	ﾆﾉﾏｴ ﾊｼﾞﾒ	17932
1955	300000000000005169	えも	17926
1955	1000000000000042465	志賀	17926
1957	1300000000000002704	ドライブ	17920
1958	1100000000000074457	BeerP	17896
1959	1200000000000006423	シュン	17878
1960	1000000000000007922	ソクラテス	17877
1961	1400000000000093559	うまぽん	17863
1962	100000000000085540	いそしぎ	17860
1962	400000000000097821	tazz	17860
1964	700000000000099195	Samarium	17856
1965	100000000000097599	よなてん	17828
1965	1500000000000053034	ただのカカシ	17828
1967	900000000000005041	みょげぇ	17815
1968	800000000000017121	おくら	17811
1969	800000000000084195	澪	17809
1970	1400000000000096883	アダルバート	17797
1971	1200000000000097682	muscat	17796
1972	1500000000000097761	ヒデ	17791
1973	1400000000000058085	nobu	17789
1974	1300000000000072435	くろねこ	17776
1975	1100000000000060410	汗寛	17766
1976	500000000000000504	concon	17764
1977	800000000000098136	クルトン	17758
1978	1000000000000020451	タケル	17748
1979	1300000000000000890	もあい	17745
1980	300000000000004930	uni	17731
1981	1100000000000081563	木くずまみれ	17724
1982	1500000000000080444	煉	17716
1983	700000000000032355	ゆうひ[ｽﾀﾝﾌﾟﾗﾘｰ挑戦中]	17701
1984	1000000000000094323	ぷるノ介	17677
1985	400000000000004824	零式	17671
1986	800000000000000870	町長	17665
1987	800000000000097652	sato	17661
1988	1300000000000082596	アンドリュー	17659
1989	100000000000030567	えどがわ	17640
1990	600000000000083096	セロリ	17638
1991	500000000000020800	がく@BMD埋め出)茜&恵美･求)琴葉&瑞希	17611
1992	600000000000005131	まめちき	17585
1993	800000000000080777	クロムP	17579
1994	100000000000061564	Ray Tse	17577
1995	300000000000081251	栃くん	17576
1996	200000000000094568	ジョニこ	17556
1996	1200000000000006281	ハクア	17556
1998	500000000000083252	ちゃん	17550
1999	94823	littleworia	17526
2000	100000000000008391	きくこ	17517
2001	1200000000000099227	megi.k.m	17511
2002	1500000000000061549	ml	17476
2003	500000000000051218	ぐー	17473
2003	600000000000003515	ふーたP	17473
2005	300000000000099948	クマナメ	17452
2006	41533	gachonx	17444
2007	300000000000003473	リリィ	17439
2008	300000000000038854	たけ	17433
2009	500000000000065709	黒糖大五郎	17414
2010	1000000000000099223	Jones	17410
2011	1400000000000010474	葉皇	17403
2012	1400000000000017525	よーへい	17393
2013	700000000000075993	ザト	17371
2014	1400000000000036954	白紫	17370
2015	1400000000000053183	z27e5b	17347
2016	4014	けも	17342
2017	1100000000000053672	かなち	17325
2018	1300000000000010553	ひつじ	17309
2019	900000000000000399	NOBU	17300
2019	1000000000000057249	G	17300
2019	1500000000000042465	顔王	17300
2022	500000000000037155	ｻｲﾋｮｰ	17299
2023	300000000000002719	Tomoexia00	17296
2024	400000000000059068	ショウ	17277
2025	1400000000000020341	あた	17272
2026	700000000000035622	もりもり	17269
2027	1300000000000038771	みみ	17263
2028	40463	よんぱち	17255
2029	1500000000000001127	こみ	17234
2030	1300000000000081230	くらね	17223
2031	82222	ましょ	17209
2032	1200000000000098040	mtk	17203
2033	900000000000004528	フォトン	17188
2034	600000000000060047	トール☆要×空○	17178
2035	400000000000040700	leader	17176
2036	1400000000000083051	そら◎	17160
2037	29713	ミノウ	17138
2038	500000000000000131	kanata	17130
2039	300000000000016070	わたー	17104
2040	600000000000000436	ADF	17094
2040	600000000000099533	フワッシィー	17094
2042	400000000000000846	二十日。	17086
2042	1400000000000027229	ちぢみ	17086
2044	600000000000097830	ひよこ大魔王	17077
2045	1200000000000075781	サニー	17056
2046	10293	あとむ	17040
2047	47431	けんた	17028
2048	500000000000008500	kudara	17022
2049	400000000000004402	ショウタ	17016
2049	1100000000000002110	へとー	17016
2051	1000000000000098889	黒鐡	17009
2052	900000000000042882	ババゴリラ	16998
2053	700000000000086041	カマロ	16989
2054	82140	ダイゴロウ	16984
2055	1100000000000011302	トシ	16980
2056	1000000000000004814	みずわさ	16978
2057	100000000000095407	ココ	16970
2058	97208	ma	16967
2059	1100000000000027797	キッチー	16963
2060	500000000000012679	悠	16957
2061	600000000000000313	わさびもち	16952
2062	1400000000000023339	ドクターJ	16943
2063	900000000000003862	李穏	16935
2064	1388	カタカナ	16907
2065	500000000000079335	小豆嶋	16891
2066	600000000000094437	auau	16870
2067	300000000000051205	ふらっとぱいん	16834
2068	800000000000003192	多岐	16812
2069	1400000000000018426	高垣彩陽	16806
2070	1300000000000099831	Player 1007413021	16800
2071	700000000000097822	MTD	16765
2072	1400000000000074713	koharu09	16762
2073	100000000000027957	Quince	16753
2074	500000000000051520	ウエ	16741
2075	700000000000100265	Player 1007659143	16736
2076	400000000000000010	★がんぞう★	16711
2077	800000000000001311	ヴァディス	16706
2078	47073	21	16701
2079	200000000000055947	ろみっこ（よんP）	16694
2080	100000000000074856	パパ	16676
2081	600000000000061961	kinoko9	16663
2082	1000000000000006305	やた	16659
2083	1000000000000015910	二藍ニャガ	16642
2084	700000000000017609	クガ。	16641
2085	800000000000076847	Player 1003583432	16638
2086	1400000000000085700	KabazirouP	16633
2087	200000000000037526	メルティ	16632
2088	700000000000000234	ウタチカ	16628
2089	300000000000005148	どうせいしょうねん	16609
2090	300000000000099612	きらくらげ	16604
2091	200000000000011825	あに	16603
2092	100000000000079726	あがちゃん	16578
2093	16348	ティム	16576
2094	1400000000000076934	地下	16571
2095	200000000000014500	ばっきゃろー	16556
2096	300000000000094621	吉矢	16545
2097	800000000000045961	mamanchyo	16538
2098	200000000000001360	吾郎丸	16520
2098	1500000000000004047	＊柾＊	16520
2100	200000000000044125	伏竜	16452
2101	800000000000080734	Marcy	16444
2102	800000000000073762	翡翠	16436
2103	1100000000000025121	Ko	16428
2104	95020	Rorona	16420
2105	200000000000099434	keizan	16403
2105	1500000000000003223	アカツキ	16403
2107	700000000000057396	いろぐち	16401
2108	1200000000000001529	がぷりす	16397
2109	1000000000000037231	GRAMAS_P	16396
2110	700000000000015671	あんぱん	16375
2111	1300000000000098150	まてぃ	16366
2112	61866	びーん	16365
2113	600000000000053033	☆小鞠MAX☆	16354
2114	1000000000000096324	くら	16323
2115	100000000000002677	◆空◆	16313
2116	400000000000097527	音無成咲	16293
2117	1400000000000080020	メディウス	16285
2118	1200000000000097491	ザキ	16276
2119	400000000000096418	アローン	16271
2120	1300000000000015658	kisaragi	16269
2121	200000000000074384	水の巫女	16262
2122	300000000000007049	ta-low	16254
2122	1500000000000053450	Direktor	16254
2124	600000000000091879	やま	16248
2125	700000000000079739	YUIX真田	16241
2126	1000000000000069250	焼きもも	16240
2127	1400000000000003729	ねろ助	16236
2128	1100000000000041435	道尊	16235
2129	800000000000041988	ぱぱちゃ	16220
2130	1300000000000032383	せり@自分中心、極端な 利己的考え	16215
2131	600000000000085505	ぺぐも	16201
2132	100000000000075575	しんじP	16200
2132	900000000000009502	ハマジンP	16200
2132	1400000000000056263	たいらの	16200
2135	700000000000081880	キッド	16172
2136	52032	らくだ	16164
2136	900000000000083700	紅星黒白	16164
2138	1100000000000000523	シンP	16143
2139	1300000000000054876	高潔なる教皇、	16125
2140	1300000000000062229	jicca	16124
2141	900000000000000393	レッザ＠ラウメン募集	16110
2142	1400000000000072412	まりも	16109
2143	1300000000000015362	On_a_oK	16086
2144	1100000000000008192	asa	16069
2145	500000000000027653	ヒロMK-2	16059
2146	500000000000080295	タッツー	16052
2146	800000000000037604	ぬるたん	16052
2148	1100000000000000314	TMR2301	16048
2149	400000000000086098	AAS	16047
2150	1500000000000021100	LC	16046
2151	47069	わっしー	16036
2152	1400000000000056013	アキ	16028
2153	200000000000033400	カツオ	16020
2153	1400000000000004021	ちぃ	16020
2155	1300000000000006178	BLUEBOY	15989
2156	300000000000013094	イザディ	15982
2157	100000000000031688	マックス	15978
2158	400000000000029434	みや～	15949
2159	500000000000004620	ぐんぶす@生涯下僕	15948
2160	1300000000000095700	泣きっ面にハッチ	15946
2161	500000000000005631	ふじたか	15936
2162	1200000000000002867	如月	15931
2163	700000000000082010	grow?	15928
2164	1500000000000012952	Palpal	15926
2165	100000000000069530	瑞穂	15916
2166	1200000000000026009	ひさぽん。	15897
2167	400000000000003416	なごみ	15885
2168	600000000000080091	slave	15861
2169	1400000000000015762	ダイ	15846
2170	1100000000000057562	ゴート	15842
2171	1000000000000002907	Marius	15840
2171	1100000000000022736	3ba	15840
2171	1300000000000002803	Myon	15840
2174	1400000000000054186	レーリィ	15814
2174	1500000000000029573	指揮官B	15814
2176	800000000000029372	テツオ	15790
2177	1000000000000085928	沼三郎	15774
2178	900000000000007047	とうふ	15771
2178	1000000000000057150	黄金獅子旗	15771
2180	700000000000100665	紅蓮	15767
2181	500000000000004711	ＧＡＴＥ	15751
2182	1200000000000005438	キクリン	15744
2183	100000000000036811	あしか	15733
2184	1400000000000098546	じゅーろーた	15719
2185	100000000000027514	あ	15706
2186	500000000000021629	みゆ	15675
2187	200000000000000044	ろびん	15657
2188	1500000000000097406	ハル	15656
2189	700000000000082567	∠快速急行	15652
2190	1500000000000051806	水湊	15638
2191	1500000000000085269	タウリン	15624
2192	500000000000000012	スーケー	15616
2193	1200000000000096011	うた	15599
2194	1500000000000004248	おさむ	15588
2195	200000000000099450	Rozu P	15583
2196	800000000000097019	山ピー	15577
2197	1400000000000082606	あえ	15569
2198	200000000000030362	ﾁｮﾛ	15566
2199	300000000000080434	いけゆー	15564
2200	76084	ﾗｳﾙ	15560
2201	500000000000054535	vege	15544
2202	900000000000075813	狐火	15523
2203	1400000000000051151	稲荷森	15488
2204	1000000000000003971	オワ	15475
2205	700000000000000052	木枝	15474
2206	300000000000030246	とりとり	15445
2207	400000000000082021	鮭弁当	15426
2208	1500000000000006844	かたくら	15425
2209	500000000000093315	十式	15424
2210	100000000000051703	DaSH	15413
2211	100000000000009386	くりぼ～～	15390
2212	100000000000032357	すえすえ～厳しい第三者の目で～	15382
2213	900000000000060882	tei9999	15378
2214	1100000000000000635	3773	15376
2215	900000000000001445	カズロウ	15374
2216	4610	カリスマ養分	15367
2217	88469	アラタ	15355
2218	300000000000046787	桜衣_望夢	15349
2219	400000000000034355	hamaco	15344
2220	500000000000009597	Keg	15342
2221	1000000000000028730	しもつかれ	15341
2222	1200000000000002451	やまげ	15340
2223	900000000000030709	黒雪P@るち	15290
2223	1400000000000095469	おだ	15290
2225	75024	ソリ	15274
2226	1500000000000085567	モートン	15272
2227	1500000000000051281	ごるどす	15270
2228	1000000000000083651	せつな	15264
2229	22360	TARO	15257
2230	1100000000000013052	ぐるぐる	15254
2231	1000000000000081050	シロ	15238
2232	400000000000019471	霜月七歌	15237
2233	93975	つるみん	15231
2234	39187	Shiwace	15229
2235	1100000000000051420	un-for	15226
2236	400000000000028872	姫桜	15197
2237	300000000000029273	蒼井満月	15175
2238	1400000000000062008	白い悪魔	15164
2239	900000000000099731	りっち	15157
2240	1500000000000072181	水零月	15156
2241	700000000000001168	ヨッシー*ﾏｲﾍﾟｰｽお仲間に感謝!	15143
2242	400000000000001371	ロジット	15136
2243	800000000000022900	ウェズレイマウス	15121
2244	1000000000000098277	ダイソン	15101
2245	200000000000006686	K.K	15086
2246	600000000000081111	おさわり	15081
2247	500000000000006869	似鳥悠	15072
2248	1500000000000002439	杜若	15071
2249	1200000000000086577	KASA	15068
2250	1500000000000035557	レツトアイズ	15056
2251	500000000000003564	ｔａｄａ	15046
2252	500000000000053521	オバイバー	15040
2253	1000000000000056351	73	15029
2254	500000000000005696	さば	15003
2255	1000000000000077903	空野	15001
2256	500000000000025672	ひつ爺	14966
2257	900000000000004767	ジュリアス	14954
2258	300000000000012183	阿井上男	14947
2258	500000000000049386	雪風ブンブン	14947
2260	400000000000008857	Schlam	14921
2261	600000000000096884	やきりんご	14919
2262	400000000000097628	心太	14914
2263	600000000000031324	TMK	14911
2264	1400000000000025810	竹	14901
2265	600000000000079642	うー	14896
2266	1100000000000047071	ヒデック	14894
2267	400000000000013032	のりす	14888
2268	700000000000026501	hiro	14880
2269	200000000000031545	ヤマト＠	14871
2270	500000000000099965	一通	14862
2271	1300000000000050974	久遠	14861
2272	1000000000000026005	こなー	14859
2273	400000000000013202	見習い魔法士 かもや@	14856
2274	1200000000000002362	テツ	14850
2275	1200000000000004581	asu@su	14828
2276	29757	omonga	14818
2277	1200000000000037915	ゆづき@隠居勢	14812
2278	1300000000000054831	tele2014	14787
2279	1400000000000002708	マカロンP	14783
2280	1000000000000001090	みつば♪+ﾟ*ﾟ	14776
2281	100000000000051573	でんこ	14705
2282	500000000000000347	のり	14692
2283	88484	あおぎり	14685
2284	300000000000050916	おかしー	14684
2285	1400000000000007476	被災者@lovelyミンゴス	14672
2286	1500000000000018753	昆布P@餌カード募中停止	14665
2287	400000000000054355	タカマP	14640
2288	700000000000056819	零六	14637
2289	1300000000000094978	セイナ(アイルP)	14633
2290	800000000000051746	将也@まゆにせんＰ	14627
2291	400000000000058198	シャミセン	14621
2292	1100000000000003859	ヤマリソ	14608
2293	1300000000000002609	ミィ☆感謝ですo(^▽^)o	14602
2294	1400000000000015645	ペチ	14598
2295	7482	さらだ	14594
2296	600000000000004043	でぃーぷくりあー@かじゅある勢	14589
2297	100000000000055426	ねぐせ	14584
2298	400000000000085781	Dかんたー	14579
2299	100000000000008078	[天捷星]なか○し	14572
2299	500000000000030816	はるやん	14572
2301	500000000000005814	ｴﾐﾔ	14571
2302	1000000000000096845	川口氏	14568
2303	500000000000083904	Heat End	14566
2304	1000000000000004366	げぇっ、関羽！	14562
2305	700000000000036060	ai@多忙のため無言気味です。すみませんm(_ _)m	14538
2306	1100000000000000836	ＰＩＸＳＥＬ	14527
2307	300000000000082836	た	14521
2308	1500000000000036617	jerious	14517
2309	200000000000030403	しん	14508
2310	700000000000019892	シンウィッチ	14505
2311	1300000000000000428	コマ	14497
2312	51355	wacわくP	14492
2313	1400000000000017184	なばかり長介	14487
2314	1400000000000077887	ゆみちゃん	14478
2315	1300000000000099951	Player 1007474157	14475
2316	21311	Leo	14465
2317	1300000000000018678	モモ	14452
2318	600000000000012752	あつし	14446
2319	1100000000000003767	柚木水	14442
2320	200000000000012665	many	14430
2321	13666	特撮が好きですが、なにか？	14385
2322	500000000000085845	まつきち	14380
2323	1500000000000097959	m	14377
2324	100000000000099326	取得できませんでした	14362
2325	79674	みやなかはら	14357
2326	1300000000000005607	ルーシェ	14352
2327	300000000000000676	野鳥	14347
2328	600000000000032077	エスプリ	14345
2329	1300000000000041790	pippo	14333
2330	1200000000000024582	KANOKA	14331
2331	1300000000000003487	kiki	14328
2332	800000000000085195	麦門冬湯	14320
2333	1300000000000100432	zemisong	14309
2334	200000000000074208	リー	14304
2335	100000000000067447	アクセル	14298
2336	500000000000005027	さよさよ	14297
2337	1400000000000059308	yuki局長@雪歩のパシリ	14290
2338	100000000000003354	四音	14288
2339	400000000000086423	りゅりゅ	14283
2340	400000000000052042	神宮寺コゴロー	14280
2341	1400000000000051202	123	14277
2342	1400000000000001585	こける	14275
2343	1000000000000096504	温もりの葉	14268
2343	1500000000000001806	ゆーきでぃしぃ	14268
2345	1200000000000021780	うな	14267
2346	500000000000097058	奔	14266
2347	300000000000023818	ユタカ@ラウメン募集中	14263
2348	900000000000053875	ほうたる	14260
2349	300000000000002561	ウメ	14259
2349	400000000000096503	3501F	14259
2349	800000000000008935	悠	14259
2352	400000000000031103	にしやん	14253
2352	800000000000029934	松風	14253
2354	600000000000077888	あうぐぅ	14242
2355	1100000000000086463	misn	14240
2356	900000000000019918	シモン	14231
2357	600000000000074665	tairamune	14221
2358	200000000000100607	いかれたる	14203
2359	1200000000000001384	taku-o	14202
2359	1300000000000010387	Maru	14202
2361	100000000000098137	シャムービー	14200
2361	500000000000030561	かいそう	14200
2363	1500000000000004649	けんと	14193
2364	3679	テスラ・ヴァイオレット	14186
2365	700000000000022036	藍	14185
2366	500000000000095052	ドム_ニコニコ	14173
2367	200000000000005405	奈留	14164
2368	1000000000000061102	murakenzu	14144
2369	5196	タクミ	14139
2370	300000000000073685	ASカラス	14131
2370	500000000000079143	はる	14131
2370	1400000000000008354	カロ	14131
2373	800000000000006526	山田秋沙	14125
2374	600000000000055243	ろーでぃんぐーろry	14121
2375	1300000000000027830	CMY	14118
2376	900000000000002080	スタム	14112
2377	500000000000062369	bamboo12	14100
2378	98218	ようちゃん	14067
2378	900000000000051396	エムエイ	14067
2380	100000000000058565	宇宙忍者ゴームズ	14054
2380	1400000000000100033	ハルヤ	14054
2382	149	はる	14043
2383	600000000000010110	タマ	14036
2384	1200000000000000029	木田太郎	14033
2385	100000000000099530	Player 1007427185	14031
2386	3166	らっぴー	14015
2387	900000000000023085	おが	14010
2388	1400000000000079127	ジョナサン	13994
2389	800000000000095867	にしん	13989
2390	1500000000000003252	オギ	13979
2391	400000000000085411	はりー	13957
2392	1200000000000007501	ABEX	13948
2393	400000000000077052	Azetry	13938
2394	1500000000000051690	Bee	13931
2395	500000000000097577	Bob	13925
2396	500000000000082844	ブレイブリー	13920
2397	100000000000007154	サカショウ	13895
2398	300000000000000341	的丸	13891
2399	1000000000000057155	べったん	13889
2400	1400000000000031387	ネコまっしぐら	13870
2401	1100000000000031630	hikaru	13865
2402	500000000000085575	Tarintote	13858
2403	1100000000000021141	やーやん	13855
2404	400000000000001311	タカＰ	13844
2405	400000000000001329	テル	13842
2406	1000000000000022441	いちさん@asahiP	13834
2407	1100000000000010431	ヒカル	13826
2408	600000000000005304	Hunter D	13824
2409	1000000000000005478	ライセン	13781
2410	1400000000000062716	ゆーす	13770
2411	1200000000000057249	ライトP	13755
2412	100000000000054305	GYM	13752
2413	1500000000000074497	キーノ	13720
2414	700000000000022295	ruta	13710
2415	800000000000076642	この昴ちゃん可愛すぎかよ！	13708
2416	1500000000000051652	とめ@同僚募集	13707
2417	1200000000000096117	毒蛇	13698
2418	1352	ササナカ	13696
2419	1100000000000018820	かわしゃん＠ラウメン募集中！	13688
2420	700000000000004861	shimashi	13686
2421	1200000000000031600	音流華	13678
2422	1400000000000045756	忠	13670
2423	1200000000000086912	ケプ	13665
2424	1400000000000054216	ずめさん	13662
2425	100000000000053247	おっことぬし	13661
2426	600000000000099091	フロスト	13637
2427	500000000000025659	伊藤博文	13626
2428	100000000000006858	SSS	13622
2429	1200000000000058510	ユリ	13611
2430	600000000000005787	ヒロヒロリン	13607
2431	900000000000077299	sool	13595
2432	300000000000026044	ToShi	13590
2433	87049	アナ工	13588
2434	900000000000058550	ラル	13585
2435	700000000000077657	蓮	13577
2436	1100000000000093942	かねやん	13550
2437	600000000000099108	ハザザ	13541
2438	59330	ねおっぴ	13540
2439	2566	枠番連勝複式（南蛇井）	13536
2439	1000000000000007308	ひろゆき	13536
2441	1500000000000006424	n@o	13531
2442	1100000000000003994	しゃみ1000	13523
2443	1500000000000029424	ネク@「低音」	13518
2444	600000000000037833	カズ	13515
2445	1100000000000025224	裁きの龍	13513
2445	1300000000000053740	風次郎	13513
2447	8705	ハル＠相互埋め同僚募集	13504
2447	500000000000007213	ポケモンマスターサワーP	13504
2449	600000000000080857	HououinKyoma	13502
2450	200000000000031201	まさとも	13484
2451	300000000000036345	17	13482
2452	1000000000000007469	リーフ	13475
2453	900000000000099925	ドン吉	13463
2454	1300000000000021509	アオイ	13449
2455	1000000000000056560	セルバ	13390
2456	300000000000037469	最上 静香	13382
2457	1300000000000073985	レノ	13375
2458	1300000000000049773	あべし	13373
2459	171	ガラクタ	13358
2460	1300000000000024549	蟹座	13352
2461	1100000000000009959	赤榛名	13335
2462	800000000000052000	ばんぞう	13332
2463	1400000000000073305	艾琳	13321
2464	1300000000000001024	しゃおろん	13315
2465	300000000000080078	じゆ＠やる気ｱｯﾌﾟ(極大)	13313
2466	600000000000026078	ヒゲ太	13312
2467	1500000000000093790	なのらる	13270
2468	300000000000061146	鈴木（仮）	13262
2469	700000000000088538	くおん	13260
2470	400000000000060186	りょう	13257
2471	500000000000073820	黒彩	13248
2472	600000000000093972	シリウス	13245
2473	900000000000087628	968	13234
2474	800000000000073541	エンディー	13223
2475	100000000000002988	ヤジン	13214
2476	900000000000053790	すばる	13206
2477	1000000000000099775	うにとろありす	13177
2478	100000000000061165	chihayan	13158
2479	800000000000002342	みわ	13152
2480	1400000000000051561	MASF1	13148
2481	1100000000000010641	ゆん	13147
2482	400000000000001296	rikky	13141
2483	300000000000071249	まや	13138
2484	1500000000000061365	mikashiko	13134
2485	1300000000000051220	ふぃ～りあす	13129
2486	1300000000000100197	kiki71	13125
2487	600000000000075711	Irony	13097
2488	400000000000003278	こづこづ	13077
2489	1100000000000033681	テイーワィ	13070
2490	1100000000000020107	AGE001	13057
2491	1500000000000029058	鳥井	13052
2492	900000000000099932	ハシバミ	13033
2493	600000000000011638	たい君	13027
2494	500000000000038642	ケン	13024
2495	1500000000000001581	がんとぅ	13017
2496	1400000000000009979	Water	12992
2497	200000000000003131	ダイ	12981
2498	800000000000033127	ジョン・スミス【ミリマス中心だにゃん♪】	12978
2499	900000000000000264	キシリッシュ	12969
2500	500000000000056858	かつら	12966
2501	1400000000000011981	kip☆彡＠	12960
2502	400000000000077085	四条莉緒	12956
2503	100000000000023174	あさ漬け	12944
2504	1400000000000006245	Jun1	12936
2505	499	sobriety	12928
2506	1400000000000096016	Unlimit	12911
2507	1000000000000059473	ロム@千早P	12910
2508	1200000000000008482	ヒッサー	12905
2509	1400000000000080558	ヨシ	12894
2510	400000000000022429	ｇｕｓｌ１１９２	12889
2511	11086	カミンスキー	12886
2512	1100000000000002160	ajel	12876
2513	500000000000003897	ひろ	12874
2514	500000000000011360	BURGER	12872
2514	1000000000000098024	くらぱら	12872
2516	1000000000000070327	愚へ太	12854
2517	400000000000001748	なつかん△	12849
2518	400000000000021632	take	12848
2519	400000000000037988	がくし	12847
2520	300000000000020423	ういくん	12844
2521	300000000000082882	朱兎	12843
2522	1400000000000001688	海月	12837
2523	100000000000025957	すむすむ	12835
2524	1300000000000022676	m78	12828
2525	600000000000052502	asdajdasdk	12818
2526	1000000000000003654	普通くんP	12814
2527	700000000000037513	あべっち	12812
2528	200000000000080617	Jimang	12798
2529	900000000000055003	こんにゃく	12784
2530	913	cosign	12775
2530	1100000000000056615	CC	12775
2532	300000000000028506	capchar	12769
2533	200000000000024201	よみた	12751
2534	1500000000000098058	由稀	12746
2535	600000000000098979	フィジャー	12729
2536	100000000000000253	なりっち	12724
2537	500000000000006518	冷蔵庫	12722
2538	1000000000000032048	えいのいる	12720
2539	400000000000058611	アッカ	12718
2540	1300000000000100302	ういはる	12715
2541	800000000000002247	ユニロデ	12694
2542	1100000000000006747	sei44	12691
2543	300000000000001831	ガオ	12684
2543	500000000000027241	元総帥	12684
2545	100000000000003471	しん	12677
2546	200000000000004021	サバきち	12653
2547	300000000000078434	ゴブリン	12652
2548	100000000000038473	こーむ	12639
2549	800000000000096755	せれしあP	12604
2549	1500000000000011468	タマモ‡∽∽‡	12604
2551	700000000000087007	もちたろう	12591
2552	200000000000073188	かずら	12574
2553	900000000000053566	chrono	12569
2554	600000000000052607	しげ	12552
2555	1200000000000081699	oshiri	12551
2556	300000000000002683	紫奈（しな）	12543
2557	700000000000054073	タツ	12525
2558	200000000000024746	てぃにあく@辛ゲ	12513
2559	300000000000092826	霧雨	12508
2560	800000000000003486	ルカ	12498
2561	1100000000000032872	gx9900	12488
2562	200000000000092390	ベックマン	12485
2563	100000000000037882	ともや	12484
2564	500000000000091990	ashk	12480
2565	600000000000098793	nisemas	12472
2566	900000000000007035	矢野目小にサヨナラバイバイ	12465
2567	1000000000000097138	tkp	12456
2568	400000000000094257	まっこい	12421
2569	1300000000000052615	きちご	12415
2570	400000000000055921	遊日	12408
2571	300000000000086314	Player 1005116723	12404
2572	500000000000053316	ナマコ	12396
2573	1200000000000002152	恭介	12384
2574	700000000000100437	Player 1007759799	12375
2574	1000000000000076794	エナツ	12375
2574	1400000000000026140	八馬	12375
2577	300000000000025999	サム	12362
2578	200000000000076684	あずなん	12352
2579	900000000000048131	アサキチ	12348
2580	400000000000007444	劉輝	12327
2581	500000000000019494	こみっきー	12324
2582	1500000000000029479	あげー	12316
2583	1400000000000007487	オーケン	12315
2584	600000000000065717	シン	12304
2585	800000000000022399	すが	12292
2586	1000000000000082265	アスベル	12290
2587	765	dex＠(求HN,R律子	12272
2588	300000000000022245	ミ☆・・☆ミ	12257
2589	700000000000059676	れいあ	12247
2590	1500000000000042839	ハシタニ	12245
2591	400000000000052253	ぜっきー	12237
2592	96013	八九寺P	12233
2593	600000000000094754	highHARU	12215
2594	1878	だあーー　　	12204
2595	200000000000098653	Narita	12202
2596	1100000000000100031	とろす	12198
2597	600000000000076113	Player 1003386854	12188
2598	200000000000003380	maa	12171
2599	900000000000006101	氷雨	12158
2600	900000000000018615	パパッチ	12129
2601	1200000000000000735	さんもんめ	12122
2602	1300000000000050178	松平友一	12120
2603	900000000000021936	かざな	12117
2604	20993	カツ	12108
2605	500000000000061647	揚げパン(全略)	12088
2606	1100000000000050882	リコ	12080
2607	800000000000092996	HB懸賞	12071
2608	1400000000000001498	多砲塔きろぴょん	12055
2609	900000000000011499	ブリティッシュ	12047
2610	800000000000096110	躑躅ヶ崎	12043
2611	100000000000095292	Player 1006230865	12038
2612	1100000000000001019	さとみ	12030
2613	700000000000053548	line	12023
2614	900000000000030156	ズッニー（P）	12015
2615	1200000000000055087	白雪	11997
2616	300000000000081080	朋	11990
2617	1300000000000076781	ロベルトうちの	11987
2618	1100000000000003196	フィッシュ	11984
2619	1300000000000007890	シロ	11983
2620	1000000000000008146	てぃは	11969
2621	4307	おーじ	11964
2622	200000000000055762	チャナガブルP	11959
2623	1300000000000035289	うす@ 復帰	11940
2624	1400000000000056346	まさよし	11932
2624	1400000000000075979	nimo	11932
2626	900000000000009769	クリアシス	11931
2627	498	緋月	11927
2628	1200000000000053760	スプーン	11907
2629	100000000000007813	コッヒー	11895
2630	1000000000000002106	みなみ[]	11891
2631	200000000000004570	ユーゴ	11890
2631	1500000000000004221	いちこ	11890
2633	7496	マヒナ	11881
2634	1300000000000009765	ゆーかり	11880
2635	700000000000000916	☆詠月紫音☆	11879
2636	62206	優	11877
2637	900000000000013090	Mr.MAR	11862
2638	100000000000061522	KEETH-RAIN	11857
2639	1200000000000095911	あらけん	11854
2640	1400000000000025062	pukka	11845
2641	1400000000000085982	はろうぃん	11842
2642	100000000000095190	jury	11830
2643	700000000000029127	陣内龍神	11826
2644	1500000000000056713	Zep	11817
2645	800000000000004173	guaca / ぐあか	11812
2646	1300000000000018475	ひぽぽ	11808
2647	600000000000041091	きりさめ＠BMD相互募集　出：めぐかれ	11804
2648	900000000000073535	しずゆい	11800
2649	600000000000006862	WYC@そらP	11782
2650	1500000000000086809	森園立夏＠収チョコ静香	11781
2651	35704	うね	11776
2651	200000000000080821	Yom55	11776
2653	1200000000000094734	fumi	11775
2653	1400000000000062361	ありんす	11775
2655	1000000000000051540	蒔成	11773
2656	1500000000000060522	dimu	11766
2657	500000000000001953	ダウランド	11757
2658	1100000000000055323	柚樹	11748
2659	300000000000031878	D．D	11747
2660	1500000000000074605	かにたま	11730
2661	1500000000000015490	胡桃takuto@年相応まで100000000歩	11726
2662	600000000000011810	densuke	11722
2663	100000000000046897	黒(ヘイ)	11708
2664	200000000000003548	tow-mas	11706
2665	1400000000000054758	たこぽん	11702
2666	100000000000020983	朔	11698
2667	1100000000000099021	Gaim	11685
2668	1000000000000028389	_H_I_A_	11683
2669	1400000000000008662	はちぽち＋	11673
2670	1200000000000015467	ネメシス	11662
2671	1500000000000019976	Rumboo	11644
2672	800000000000078543	ハオ	11637
2673	400000000000096027	あか	11629
2674	500000000000085784	ザク	11614
2675	1500000000000095896	あきとん	11604
2676	300000000000093176	バス	11598
2677	800000000000037919	Wildeyes	11591
2678	600000000000073947	ぽんこつ魔人	11589
2679	800000000000014755	虹野（ONLINEで放置多いです）	11587
2680	100000000000000425	クロスケ	11571
2681	600000000000055142	黒月うさぎ	11550
2682	73271	ペス	11548
2682	1100000000000000905	hay.	11548
2684	1400000000000000367	you	11544
2685	300000000000075272	颯	11538
2686	400000000000004363	まっきぃ	11533
2687	1500000000000096506	影王	11529
2688	1500000000000075330	サーモン	11524
2689	5818	シーター	11520
2689	400000000000022291	ばおり	11520
2691	100000000000035650	TOMOCO	11519
2692	1200000000000056890	新骨董品	11507
2693	900000000000046045	ひろさん	11505
2694	1300000000000085384	tekkamaki	11497
2695	800000000000039251	anie-k	11496
2696	300000000000056504	ほむ急川崎	11494
2697	600000000000073485	みぞれ	11492
2698	1100000000000006826	ノブン中尉	11490
2699	800000000000097451	リッツ	11478
2700	1000000000000075167	ぬがー	11464
2701	1100000000000098873	4職分の野菜	11448
2702	400000000000000399	ダイヤモンド田中	11432
2703	1400000000000006148	ゆうさん	11430
2704	800000000000079593	urk	11420
2705	1100000000000002458	ハセリ	11418
2706	500000000000097418	Y.K.K.	11416
2706	1400000000000000582	しのーる	11416
2708	200000000000034311	すずもん	11410
2709	1200000000000016651	KEI	11403
2710	1400000000000095527	どぐま	11398
2711	1500000000000085186	exippei	11393
2712	400000000000010234	ヒロジン	11385
2713	1200000000000008361	くすのき	11379
2714	900000000000051041	しげち。	11371
2715	600000000000037190	ktktktre	11369
2716	1000000000000056758	このみ	11365
2717	1780	ゆりおーさか	11338
2718	1200000000000052579	TAKU	11337
2719	1400000000000029328	サイダー	11334
2720	1300000000000039021	てきとう	11328
2721	600000000000097088	つばさ	11323
2722	20277	ししょう	11320
2722	600000000000074601	KS	11320
2724	900000000000050457	ぺたんこ	11319
2725	1400000000000005096	絶白夜	11311
2726	600000000000079089	yuoy	11307
2727	4836	駄犬ペガサス	11304
2728	600000000000031446	NASHI	11302
2729	200000000000057763	おにぎり波	11292
2730	1000000000000019759	ドラムカン☆☆	11288
2731	1200000000000006437	佐倉	11278
2732	600000000000061471	晩夏	11261
2733	500000000000004639	ジョン太郎	11251
2734	1100000000000100063	ムラクモ	11250
2735	1200000000000003087	ヒロ☆	11243
2736	1100000000000000824	ぶれいぶ	11235
2737	500000000000047375	サダノリ	11232
2738	1300000000000001022	toy_nendo	11225
2739	400000000000038397	むせる	11205
2740	100000000000000954	ひじき	11182
2741	3018	明日奈	11172
2741	500000000000011441	いさお	11172
2743	1300000000000043610	み *放置気味です*	11164
2744	200000000000025898	さかす	11147
2745	1300000000000034788	フレア	11142
2746	1500000000000057609	†ＤＩＯ†	11125
2747	500000000000047533	姫ノ花	11120
2748	1300000000000052118	秋水	11117
2749	1300000000000093286	スレハン組長	11100
2750	500000000000095383	ぼくです	11079
2751	500000000000006571	マルチくうねる	11078
2752	700000000000002353	ZZRカワサキ	11074
2753	200000000000094840	菜種	11066
2754	300000000000015723	北習志野	11061
2755	1300000000000009373	FOREST	11052
2756	900000000000076920	Player 1003589465	11040
2757	200000000000078401	ラエラ	11038
2757	1200000000000060896	elder	11038
2759	700000000000015932	やいち	11017
2759	1200000000000029386	アトランダム	11017
2761	700000000000029676	グレートsatlliteさんDX〈スマホ移行〉	11002
2762	1000000000000004368	DA★マン	10998
2763	300000000000075279	タングステン	10997
2764	100000000000009628	kani	10992
2764	1200000000000053002	cexen	10992
2766	500000000000041751	あとりん	10983
2767	200000000000081227	凛	10982
2768	1500000000000040254	みゆう	10972
2769	300000000000039136	Mamagon	10965
2770	900000000000016465	マコト	10954
2771	300000000000052187	ロキ	10943
2772	1500000000000074564	K氏	10939
2773	600000000000022915	カズ	10935
2774	600000000000049274	S.N	10921
2775	91482	たからや	10917
2776	800000000000001142	かめ	10890
2777	700000000000097809	ban	10884
2778	1200000000000046682	チュ・パリ	10882
2779	600000000000024538	ゆうすけ	10871
2780	400000000000037229	彼方	10856
2781	1500000000000074125	tosh_p	10844
2782	1100000000000055753	たな	10823
2783	1100000000000001200	ザワ	10820
2784	76808	ΙЯОМ	10817
2785	600000000000046386	Raifa0	10810
2786	32282	DL	10806
2787	1100000000000080224	AsaYuki	10790
2788	500000000000099297	そんみん	10782
2789	300000000000012566	さる 相撲まったりR4枚狙い	10776
2790	1400000000000034748	あずくり	10772
2791	100000000000097930	nagi	10764
2791	500000000000024467	大豪院さく	10764
2793	1400000000000020879	TOMO	10756
2794	60398	aoking	10755
2795	69280	Moy	10754
2795	1100000000000024441	ayumi	10754
2797	200000000000082573	Ei	10751
2798	500000000000078204	ナナコp@伊織ちゃん大好き！	10745
2799	1000000000000058110	樹	10735
2800	1200000000000080341	ミシェル	10721
2801	400000000000086408	枝尺	10709
2801	1100000000000090962	藤原電工	10709
2803	700000000000054694	おとこむらた	10703
2804	100000000000080737	六号	10684
2805	600000000000075795	ぴかちゃあ	10683
2806	800000000000062069	すたふぃー	10658
2807	1200000000000094643	うぉっち	10643
2808	1100000000000074586	XV-G	10638
2809	500000000000062349	nabemi	10621
2810	63020	たう	10614
2811	1300000000000100465	タイチ	10607
2812	800000000000068557	アイソン	10597
2812	1300000000000035427	天地人	10597
2814	400000000000093696	キムチ炒飯	10556
2815	300000000000003051	ジャック	10546
2815	1300000000000077111	かなえじゅん	10546
2817	1400000000000044296	ふぇい	10530
2818	800000000000056641	浸透	10523
2819	1200000000000098888	プァンツ	10519
2820	200000000000063158	もつ鍋	10500
2821	400000000000020862	SHAKER	10478
2821	600000000000075714	Souffle	10478
2823	500000000000059077	太郎	10477
2824	600000000000074130	たかお	10456
2825	100000000000001103	レコ	10455
2826	300000000000001450	utsuho	10450
2827	900000000000075048	しんのすけ	10449
2827	1300000000000077946	コト	10449
2829	700000000000073631	kannjinn	10442
2830	1200000000000000698	Yot	10437
2831	1400000000000004538	リュウ	10432
2832	800000000000002211	ねこだ	10403
2833	1300000000000053126	弾正	10402
2834	100000000000084315	icetea	10400
2835	1500000000000009863	ミノリー	10390
2836	900000000000086550	はる	10380
2837	56284	ラムド(舞踊演々)　同僚募集	10370
2838	1300000000000004696	ひろに爺	10348
2839	1500000000000005100	ピース	10345
2840	500000000000074182	ユキ	10337
2841	1300000000000010182	なーが	10332
2842	500000000000011090	のろいうさぎ	10323
2843	1400000000000021845	Aセット	10319
2844	600000000000099546	ino	10306
2845	1400000000000007324	VENOMURAさん	10276
2846	500000000000007042	チルノ スカーレット	10273
2847	100000000000083846	せーぼ	10258
2848	900000000000023767	コウ	10255
2849	200000000000097045	のへ	10252
2850	1100000000000008484	Peko	10250
2851	1200000000000025823	ラムネス	10208
2852	900000000000030202	コウ	10202
2853	700000000000008008	karo	10200
2854	1500000000000078517	@カワト	10198
2855	700000000000001786	一雫	10179
2856	20138	メイリン	10172
2857	200000000000012435	Suguri	10167
2858	700000000000050635	ジャムズＰ	10147
2859	1400000000000098950	Sora	10141
2860	600000000000014421	suzukaren	10140
2861	1000000000000005833	桜華水月	10138
2862	1300000000000096221	草薙涼子	10126
2863	300000000000029743	ふなふてぃ	10116
2864	200000000000054839	あつし	10110
2865	1000000000000004676	ライム	10078
2866	1100000000000030841	やっつけ丸	10075
2867	1000000000000058906	一番星	10071
2868	200000000000086035	リッジャーノ	10067
2869	400000000000086761	miki10	10059
2870	200000000000075123	Player 1003068434	10022
2871	52380	アキ	10017
2872	200000000000044982	カエルくん	10016
2873	500000000000001106	村人KMR	10009
2874	800000000000003897	くま	9996
2875	1000000000000061919	チキン	9994
2876	1400000000000001654	PIXY	9993
2877	700000000000008226	やまさん　	9978
2878	1400000000000054034	スツーカ	9974
2879	20777	暁月	9947
2879	500000000000024375	カイドウ	9947
2881	700000000000003109	丸	9915
2882	700000000000008199	shchshch	9912
2883	700000000000096774	のずみ	9898
2884	1100000000000095645	中村 晋	9891
2885	1400000000000009371	河崎	9884
2886	500000000000076033	ドシレソ	9880
2887	300000000000017072	つっきー	9878
2888	1400000000000001030	コタツ	9876
2888	1400000000000004986	モココ	9876
2890	800000000000004071	ネイス	9866
2891	900000000000095751	バルバロム	9849
2892	300000000000008395	りゅう	9847
2893	300000000000011408	はとりぶ	9844
2894	1400000000000018958	湊	9843
2895	200000000000097830	Player 1006747218	9836
2896	500000000000097788	にんじん	9828
2897	1100000000000058903	まゆら	9820
2898	200000000000037140	おれちゃん@図鑑埋めしてくれるかた募集中！	9812
2899	58847	榊由美子	9806
2900	1400000000000004549	とむ？	9805
2901	100000000000055769	gut	9797
2901	900000000000080177	Snack@眼鏡倶楽部	9797
2903	400000000000098730	どんぐり	9791
2904	1000000000000098588	総帥P	9790
2905	1000000000000004295	へのい	9789
2906	1300000000000079884	甘狐P	9783
2907	700000000000100619	きんぎょ	9772
2908	1500000000000055275	番長	9771
2909	200000000000041968	羽	9755
2910	1400000000000009372	T・K	9753
2911	400000000000077725	ゆみっち	9751
2912	1100000000000036136	MrCharon	9744
2913	1200000000000006109	han@han	9727
2914	500000000000083404	西瓜	9713
2915	1500000000000010274	みずこな	9694
2916	1000000000000085980	一輝さん	9688
2917	600000000000000625	ゆか	9684
2918	1000000000000016122	∵マサ※流m(_ _)m	9682
2919	1000000000000059878	アキラ	9681
2920	87103	にゃむこ	9679
2921	800000000000087618	しーや	9677
2922	900000000000078664	だるま	9653
2923	800000000000031213	ほしくん	9632
2924	1100000000000001520	おたま	9618
2925	800000000000015317	しづー	9616
2926	29354	金さん	9614
2927	800000000000098381	mayuki	9610
2928	700000000000088119	まりも	9600
2929	900000000000074792	HPH	9596
2930	1200000000000009056	うさてん	9583
2931	400000000000007143	球磨	9557
2932	600000000000026041	Pike	9543
2933	1200000000000048817	朱鷺	9540
2934	300000000000004689	ゆきとん	9534
2935	51071	タッツミ～	9532
2936	700000000000054178	VARIS	9527
2937	1500000000000033780	司書P	9526
2938	300000000000094863	Steven	9525
2939	800000000000061740	みや	9521
2940	400000000000010125	小町	9519
2941	400000000000025533	Heaven	9516
2941	500000000000048659	お面小僧	9516
2943	1100000000000025951	ことぶき	9507
2944	500000000000079148	なおさん	9477
2945	1200000000000029212	そう	9448
2946	100000000000077546	taiyaki	9443
2947	1000000000000097510	時雨☆	9433
2948	900000000000015532	ぽれ‡殉職寸前‡	9420
2949	57189	ユッケ	9413
2950	600000000000027222	yousuke	9409
2951	800000000000041203	KASE	9405
2952	1500000000000035418	彩乃	9394
2953	1100000000000013854	Hal	9392
2954	1500000000000027921	Chip-Pai	9389
2955	1500000000000058340	jussim	9386
2956	600000000000075850	Player kanon	9385
2957	95072	アスパー	9380
2958	600000000000002330	バリカタ	9377
2959	700000000000011310	にまめ	9373
2960	100000000000004517	眠歌姫	9372
2961	500000000000001018	★	9369
2962	200000000000005256	凰火[ｻｲｵﾝ]	9365
2963	700000000000092405	ぽぅ	9363
2964	500000000000036101	まりひな	9352
2965	200000000000019060	黒	9350
2965	1200000000000003255	jakalope	9350
2967	800000000000060267	ヤマト	9338
2968	1100000000000000915	ユズキ@相互埋めリスト作りました。	9326
2969	400000000000052211	うさぎロール	9319
2970	800000000000005754	yona47j チョット隠居？	9308
2971	1000000000000005808	霧矢	9303
2972	1000000000000005722	準にゃん	9300
2973	300000000000079187	笹	9297
2974	200000000000060041	長月	9286
2975	100000000000096519	甲楽城権兵衛	9284
2976	800000000000098876	ツッキー	9283
2977	1500000000000086697	一平ちゃん	9265
2978	600000000000061554	A-RU＊2	9262
2979	900000000000073662	もじもじ君	9259
2979	1400000000000088226	roha	9259
2981	1500000000000004095	がんちゃん	9256
2982	1200000000000098324	スマ	9247
2983	400000000000096729	m.n622	9238
2984	900000000000030788	YUKI	9232
2985	200000000000033532	オカ	9231
2986	800000000000029031	アッラー	9220
2987	800000000000079635	オガクズ	9216
2988	77345	小猫	9211
2989	600000000000058364	りんが～べる☆	9198
2990	1000000000000004043	スギナ	9186
2991	1400000000000100462	ノブ	9181
2992	22774	三日月夢	9178
2993	200000000000011762	ガーナ	9150
2994	1400000000000059821	(*>△<)	9141
2995	13232	nijiiro	9136
2996	1200000000000081014	葉菜	9133
2997	1000000000000050782	ガーイチ(Asa)	9130
2998	500000000000017325	幸夫	9119
2999	200000000000010775	ゆーたん	9117
3000	400000000000094709	イチルレ	9114
3001	1300000000000004630	南風ぱ	9107
3002	600000000000097530	ﾌﾗﾜﾊﾊ	9099
3003	300000000000081526	功（よし)P＠ドラシア研究中	9095
3003	400000000000056907	ARCADIA	9095
3005	700000000000051320	掃除機ハイテンション	9085
3005	800000000000005336	EIM	9085
3007	400000000000026977	キョン	9079
3008	200000000000021210	むぎ焼酎 水割り	9074
3009	900000000000078981	妄想＠デストロイヤァ！	9070
3010	18240	Q83	9066
3011	1400000000000023299	かたばみ	9063
3012	200000000000087993	Player 1005339730	9057
3013	900000000000058298	おぼろ丸	9052
3014	600000000000002786	さがん	9042
3015	300000000000005021	半額弁当	9037
3016	1400000000000044151	キラリ	9025
3017	1500000000000004928	ジュン	9018
3018	1300000000000007312	エヴァネス	8993
3019	800000000000013590	はん	8992
3020	1500000000000048787	パッパラ	8991
3021	1000000000000022598	KLEIN	8990
3022	8383	しょう	8979
3023	1200000000000021499	みやびん	8974
3024	39488	Justy	8973
3025	500000000000006762	シーバス	8957
3026	500000000000097752	groove5	8956
3027	1200000000000022418	クロネコ	8952
3028	1200000000000003801	KEY /	8951
3029	500000000000075873	vuna	8950
3029	800000000000075834	なーさん	8950
3031	500000000000001550	伊賀くま	8944
3032	1200000000000054201	おくーン	8937
3033	99561	Player 1007403584	8926
3034	400000000000050839	かみまみた	8925
3035	9533	kore	8905
3036	400000000000030993	かめ	8897
3037	1500000000000000844	五十鈴くろはる@はるちはマーチ	8886
3038	4396	くずもち	8882
3039	98130	くすぽる	8879
3040	1400000000000023238	しましまニャンコにゅにゅ★	8871
3041	600000000000098301	ガビィト	8868
3042	1200000000000099116	Player 1007466844	8852
3043	900000000000004941	いなほ	8848
3044	300000000000000855	ﾍﾞﾃｨｰ	8847
3045	900000000000094216	グリンゴッツ	8841
3046	1100000000000075875	にゃんこ	8826
3047	300000000000003118	minamo	8824
3048	1400000000000034734	アシラさん	8822
3049	1200000000000034361	urban	8787
3050	1100000000000095640	リンゴ	8781
3051	500000000000098437	甘鯛	8770
3052	1000000000000010038	乙	8768
3053	78937	ペス	8762
3054	433	ゆのっち	8756
3055	100000000000099518	Ben Yang	8748
3056	1400000000000029280	ブライアント	8735
3057	200000000000001419	T-M:翼、育他の埋め同僚募集中。出雪歩全所持、最上ほぼ所持他	8729
3058	300000000000021716	コン	8727
3059	1400000000000074968	くまごす	8715
3060	500000000000046106	夜桜	8711
3060	1400000000000081368	his@P	8711
3062	200000000000079671	ネクター	8696
3063	1500000000000000849	ブラケ＠ラウメン募集中	8687
3064	200000000000052463	boxer4@同僚募集	8686
3065	1400000000000098419	かちの	8682
3066	600000000000003534	えふゅる	8674
3067	500000000000096563	カズマ	8664
3068	100000000000017706	レミ(シャルロット)	8655
3069	500000000000056023	Brocco	8645
3070	100000000000006878	Ｚａｎｋ	8641
3071	1000000000000096644	羅主斗	8625
3072	1400000000000001410	天下りの神様	8614
3073	1100000000000077121	ゆいなん@にこ	8609
3074	300000000000049670	よっしー	8606
3075	400000000000005129	烏骨鶏	8604
3075	500000000000052560	さとさとし	8604
3077	600000000000075281	サンタモニカ	8601
3078	600000000000079790	sui-un	8597
3079	800000000000006213	しん	8596
3080	97648	マグロの丸焼き	8595
3081	82036	ヒーロー	8588
3082	400000000000002015	シンシンザン	8584
3083	300000000000078038	リキ	8580
3084	1100000000000001312	なお	8564
3085	96950	8ocean	8551
3086	800000000000048034	シルクジャスティス	8550
3087	500000000000007819	かおしっく	8544
3088	700000000000075495	チャパ	8540
3089	700000000000057071	620P	8534
3090	200000000000097341	ウェボシー	8529
3091	700000000000051752	アトP	8527
3092	100000000000097915	いっちー	8525
3093	1000000000000094726	Player 1006068106	8519
3094	1400000000000079994	RVF	8503
3095	600000000000058405	えむえむ	8502
3096	300000000000000068	さばとら	8500
3097	600000000000029815	びるど	8498
3098	1200000000000010974	ていたむ	8497
3099	300000000000002060	ウサ	8490
3100	1400000000000063340	毛	8485
3101	1400000000000001458	めいや	8483
3102	700000000000083536	ユルグ	8480
3102	1000000000000006823	ひより	8480
3104	200000000000086794	ダメヨシ	8479
3105	1000000000000000519	こばきゃのんmk2	8477
3106	1500000000000007983	くそもり	8472
3107	500000000000076963	okusuku22	8470
3107	1300000000000062215	ルミカ	8470
3109	1500000000000031702	せせり	8469
3110	400000000000080636	player_T	8464
3111	1500000000000077607	よしりん(･∀･)	8452
3112	800000000000035472	鉄丸	8450
3112	1000000000000053053	Yukiti	8450
3114	700000000000078564	升	8445
3115	1200000000000085752	ちゃとみん	8437
3116	56164	山手車掌	8436
3117	1500000000000045942	MAFTY	8435
3118	1300000000000071912	セイト	8423
3119	25684	Gretel	8422
3119	1500000000000008522	おとう	8422
3121	200000000000018076	じん	8410
3122	1200000000000023960	平　秋紘	8406
3123	600000000000083458	ニオビスト	8400
3124	1400000000000011426	さのすけ	8395
3125	1100000000000005258	KEI	8382
3126	700000000000000688	フラジャイル@しずしほ	8373
3127	1200000000000002062	とまちゃー	8371
3128	1100000000000066360	びとれいやー	8370
3129	15402	サトキチ	8366
3130	200000000000022209	空風みぞれ	8360
3131	1300000000000025154	RLC	8354
3132	1000000000000048663	七篠 鈴音	8353
3133	100000000000080806	Aucuba	8346
3134	1200000000000025748	ぴよぴよ	8333
3135	900000000000008059	りょう	8316
3136	1200000000000080992	トトリ	8313
3137	300000000000005343	くろがね	8312
3138	700000000000098535	3taka	8294
3139	400000000000012108	DAHLIA	8283
3140	300000000000002484	よっしーこと	8271
3141	1500000000000058144	O.Q	8250
3142	400000000000037297	☆ゆき♪☆	8248
3143	900000000000052286	イトマル	8241
3144	200000000000005341	ウィンザ	8232
3145	1200000000000003351	しんのすけ	8230
3146	200000000000049694	ガロナックス	8224
3147	1500000000000014227	rydia.r9	8217
3148	1200000000000026100	まゆか	8201
3149	600000000000004454	伊園	8196
3149	800000000000001805	しなちく	8196
3151	200000000000041141	新田みく	8191
3152	1300000000000053269	ぶっちー	8190
3153	1000000000000098219	傀儡	8185
3154	600000000000005184	s	8182
3155	300000000000095429	ごなーる@同僚募集中	8178
3156	1400000000000006741	ひよまめ	8177
3157	500000000000004318	ジョン・ドゥー	8168
3158	200000000000059656	しじみ	8162
3159	1300000000000025325	かず	8154
3160	1400000000000050964	西やん	8150
3161	600000000000099161	ますみ	8148
3162	1400000000000037067	式見慶	8130
3163	600000000000001601	ラーズＰ	8124
3164	200000000000045609	点々	8121
3164	1500000000000000641	Caspian海	8121
3166	1100000000000041494	sn030309	8112
3166	1300000000000013531	もりそば	8112
3168	900000000000092924	伊井	8110
3169	2934	あたる	8108
3170	700000000000008773	いんがん	8090
3171	200000000000086161	ぱせり	8081
3172	5093	どどいち	8079
3173	1200000000000002940	タイラー	8073
3174	700000000000097978	空那	8070
3175	300000000000003076	じろさぶ	8057
3176	700000000000004263	腰掛椅子	8056
3177	200000000000098608	ふじたち	8054
3178	700000000000056962	KT	8052
3179	1200000000000038358	愛敬P	8049
3180	500000000000003383	まぐかっぷ	8046
3181	1200000000000052384	ケンプトン	8040
3182	400000000000055633	tople	8039
3183	1300000000000007309	ひおーぐう	8033
3184	200000000000096971	水性ナス	8029
3185	300000000000031670	F kh	8026
3186	300000000000028432	ゆーた	8022
3187	100000000000009409	まっこい	8014
3188	300000000000028527	アレス	8011
3189	100000000000078065	悠希	7998
3190	100000000000096805	totetarin	7980
3191	200000000000003821	amatake	7965
3192	600000000000098316	カザ	7950
3193	600000000000086648	ダブル	7943
3194	600000000000018720	ドキンちゃん☆	7941
3195	800000000000026573	きのっち	7937
3196	500000000000022470	かじお@9月まで繁忙期	7933
3197	900000000000052264	つかさ令	7932
3198	1100000000000049903	makoto	7925
3199	98153	Player 1006950288	7924
3200	1000000000000027474	セルフ	7915
3201	1000000000000034477	てるもん	7905
3202	1300000000000002647	カルム	7901
3203	300000000000003005	◯もやま	7894
3204	1400000000000005131	るるる	7893
3205	800000000000031466	て～とく先生	7892
3206	200000000000000380	６Ａ	7877
3207	1100000000000034348	悪徳組長うーさー	7875
3208	700000000000077469	てぃ	7871
3209	200000000000010333	ねむいウサギ	7870
3210	800000000000053822	えそ	7852
3211	900000000000025234	榎木	7850
3212	500000000000018161	ピッカー	7849
3213	900000000000099687	たすくP	7848
3214	100000000000051015	アオジル	7830
3215	300000000000083298	ハヤシライス	7828
3216	77862	なおなお	7827
3217	1200000000000099448	Mira	7821
3218	800000000000009057	ポアロ	7804
3219	900000000000034175	m.k.p.s.i	7776
3220	400000000000026972	ともも	7768
3220	400000000000085162	エヴｧンゲリｦン	7768
3222	300000000000049112	イエッタ	7759
3223	800000000000080511	indoor	7748
3223	1300000000000095611	ヒロ	7748
3225	700000000000020173	MA	7747
3226	85291	タイデン	7740
3227	1300000000000037222	あるふぁ	7734
3228	300000000000021838	ケリーP	7732
3229	900000000000055247	ハタアキ	7726
3230	1200000000000060460	フォルテ	7724
3231	700000000000055500	リヴァ	7716
3232	1400000000000004747	ジョニーJr.	7713
3233	1200000000000003708	tama05	7706
3234	200000000000051120	naka	7701
3235	100000000000002272	ｺｸｵｳ	7700
3236	800000000000077443	マル	7692
3237	1500000000000000465	ぴっちゃん	7689
3238	1100000000000097399	M@STER	7687
3239	200000000000072898	ひだまり	7684
3240	800000000000010444	あお	7675
3241	1300000000000066582	nn27i	7672
3242	1500000000000001630	一之瀬享楽＠ラウメン募集中	7667
3243	1200000000000099278	クラウド	7658
3244	295	yukki72	7654
3245	1200000000000096969	ゆう	7648
3246	1300000000000004188	ふぉるちす	7645
3247	1200000000000062452	ジョージ	7641
3248	800000000000042472	クロン	7635
3249	1400000000000076136	poe	7630
3250	95816	まったりねこ	7624
3251	1000000000000080621	Cycrop	7622
3251	1200000000000003007	いち@SR紗代子全種道場	7622
3253	600000000000002415	朧月	7621
3254	1500000000000002231	ORCA	7619
3255	700000000000011518	グレ吉	7614
3256	62034	しずく(お休み中)	7598
3257	800000000000000519	カカ＠蒼い鳥道場	7597
3258	700000000000082280	しのん！？	7584
3259	700000000000085620	61hsuan	7579
3259	1100000000000088117	カズ	7579
3261	700000000000096232	ツバサ	7540
3262	1500000000000012034	とん	7533
3263	1000000000000096782	カズ	7532
3263	1200000000000001747	arcadia	7532
3265	800000000000035496	五葉	7525
3266	700000000000005659	陸奥	7524
3267	300000000000098644	はっさく	7521
3268	700000000000072279	とにゃむ	7516
3269	200000000000097631	金太	7505
3270	200000000000012006	ペタ	7500
3271	800000000000072397	ＴＭ４	7492
3272	800000000000057321	ピグザム支配人兼任P	7487
3273	400000000000001290	ﾕｰﾀｽ SprouT	7479
3274	300000000000057794	朱里(ミリマスにて活動中)	7477
3275	300000000000003443	超合金	7476
3275	1200000000000036617	モリガン	7476
3277	900000000000096733	Player 1006527401	7470
3278	1100000000000006824	紅葉月	7469
3279	1000000000000063143	くろしお	7448
3279	1500000000000004610	chapel721	7448
3281	500000000000021973	ocha	7440
3282	500000000000021959	ひめか	7435
3283	1400000000000002815	あや	7425
3284	100000000000054122	プロペラヘッド	7414
3285	85111	Player 1004920576	7413
3286	600000000000003318	りっちゃん	7410
3287	1100000000000010479	ｸﾛｽﾛｰﾄﾞ	7406
3288	200000000000014496	Koh	7397
3289	400000000000098967	スカイ	7391
3290	1400000000000005286	なぐもん	7389
3291	900000000000098472	花225	7386
3292	1000000000000055119	Rogi	7385
3293	1300000000000086372	ton-ton	7378
3294	51319	ぽこ	7363
3295	400000000000010746	ふぁっきん	7360
3296	1300000000000076293	もっと	7358
3297	400000000000021917	ダイ	7356
3298	900000000000028964	コジコジ(^^ゞ	7350
3299	300000000000057399	藤やん	7346
3300	800000000000010967	アカサ	7339
3301	200000000000051185	大新	7336
3302	400000000000004966	ziming	7334
3303	800000000000007033	しゅれん	7332
3304	300000000000047122	ぐらたん	7326
3305	500000000000002405	フリント＠ナイス・ガイ	7320
3306	100000000000007020	ねこま	7317
3307	1400000000000058912	ブレイズ	7315
3308	500000000000014200	蒼樹(あおぎ)	7305
3309	900000000000051876	ミンティア	7279
3310	900000000000092803	ナオト	7276
3311	1000000000000086981	ババロア太郎	7273
3312	500000000000028697	神威	7272
3312	1300000000000075903	Seung Jae Lee	7272
3314	1400000000000042157	撩	7257
3315	300000000000023551	yama♪	7251
3316	500000000000022501	mebius	7248
3317	1500000000000025459	ryo	7240
3318	800000000000045454	ュドウフ	7238
3319	700000000000100522	ゆきと	7237
3320	600000000000006317	ミケランジェロ	7235
3321	100000000000004188	hidexel	7218
3322	1000000000000055501	キサラギ	7208
3322	1500000000000019628	Lan@らんと読みます	7208
3324	600000000000084253	まぁ～ちゃん	7206
3325	300000000000099991	エラード	7191
3326	200000000000001282	とも	7188
3326	1200000000000004543	すぎ	7188
3328	1100000000000002651	かぷり	7185
3329	1200000000000099855	累	7183
3330	500000000000081242	Player 1004445637	7177
3331	700000000000079405	Poodle	7152
3332	94014	もなか	7143
3333	1500000000000098413	ペテロ	7120
3334	800000000000096195	エリア	7119
3334	1200000000000008300	ナナメ	7119
3336	1100000000000042887	ナナコパパ	7116
3337	1400000000000085364	うみみ	7111
3338	1500000000000008794	notto	7110
3339	300000000000060174	AQUABLADE	7104
3340	1100000000000010756	にも	7095
3341	800000000000012172	ttoshi	7089
3342	1000000000000026508	エデン@青飴集め隊	7084
3343	100000000000097896	ユウギリ	7080
3344	1500000000000011496	ゆき@日替り雪歩可憐道場	7066
3345	500000000000032039	猥帝サウザー	7063
3346	300000000000004692	ナンでもいいですけど	7055
3346	1000000000000000361	さんだる@準備中	7055
3348	900000000000051550	道	7046
3349	1300000000000009448	とも	7040
3350	900000000000000748	みみぅ	7037
3351	93652	isamu0223	7035
3351	100000000000002465	せいく	7035
3353	200000000000032577	トモヤ	7032
3353	500000000000100158	る。	7032
3353	800000000000003919	thrower	7032
3356	800000000000087655	ざわ	7027
3357	500000000000003925	Gorigan	7024
3357	1500000000000080462	りの	7024
3359	200000000000056358	奪取	7022
3360	800000000000005482	薫	7020
3360	1100000000000005285	飢え様	7020
3362	1400000000000007013	zerozero	7015
3363	1200000000000001561	タケノコー	7006
3364	1300000000000096365	Y'n	7004
3365	1000000000000074385	てけり	6997
3366	25109	とまとじゅーす	6985
3367	1300000000000004449	皆威	6982
3368	1500000000000057684	ゆでたまご	6957
3369	800000000000004992	りはくん	6954
3370	200000000000034805	栗りん	6945
3371	800000000000095658	こるくる	6932
3372	400000000000011081	ドバム	6930
3373	400000000000099318	Ruren9527	6926
3374	1500000000000056129	くりす	6925
3375	200000000000009009	あいかわ	6916
3376	800000000000035711	gato	6912
3376	900000000000053759	たったた	6912
3378	1100000000000092879	kiyo35	6903
3378	1400000000000025163	nagato	6903
3380	900000000000029280	白城	6900
3381	400000000000036412	ジョン	6898
3382	1400000000000022123	みっちぃ＠19コス50人所持継続中	6897
3383	300000000000012068	涼月＠瑞希P（元：篠宮）	6895
3384	1100000000000096077	カモカモ	6885
3385	600000000000048573	あやち	6879
3386	300000000000003918	どんてん	6863
3387	700000000000100643	ねこ	6861
3388	1100000000000019451	かみにん	6859
3389	54073	すずらん	6854
3390	400000000000080462	樋塚	6849
3391	600000000000100060	アルマムーン	6847
3392	45989	とらぽ	6814
3393	200000000000011822	お茶好き@taxi	6811
3394	700000000000000471	フミ3F	6810
3395	300000000000000829	Earthia	6799
3396	1100000000000011396	まっきー	6796
3397	200000000000098900	とうもろこし	6792
3397	200000000000100294	keda	6792
3399	800000000000095921	おはぎ	6776
3400	200000000000044956	kou （仕事多忙～）【INFINITY】	6760
3401	100000000000023316	まつお	6752
3402	1400000000000004009	マリモ	6743
3403	1100000000000083222	ハヤ	6741
3404	900000000000010094	赤羽2nd	6732
3405	800000000000008409	ねこのせなか	6730
3406	1300000000000027765	てるぴー	6720
3407	800000000000001202	Charlotte	6703
3408	900000000000074793	真庭の某さんP	6698
3409	1300000000000004123	初霜	6697
3410	600000000000052458	fin8880n	6696
3411	400000000000023304	キョン屋	6675
3412	200000000000003880	エンペ	6670
3412	1100000000000098415	naru	6670
3414	85804	hyd	6665
3415	1300000000000014895	チキン	6660
3416	200000000000075209	スイカのせクレープP	6656
3416	800000000000058561	amah	6656
3418	400000000000006844	しず(ﾊﾃﾅｯﾁＫ)＠名古屋	6654
3419	79793	norix99	6632
3420	1200000000000034627	ペリドット《》	6629
3421	500000000000081925	ふくたつ	6627
3422	1100000000000058619	痛快野球スカっとベースボール	6616
3423	200000000000016114	ＨＯＳ	6600
3424	100000000000014962	ふぃおたん	6588
3425	1100000000000080299	志龍	6581
3426	900000000000097437	アキ	6580
3427	200000000000074531	がなみるは	6567
3428	1500000000000000914	nonokuro	6565
3429	800000000000039415	しばふ	6541
3430	100000000000001638	らしょう	6539
3431	1400000000000094504	ミャオ	6531
3432	1000000000000077049	さかとも	6528
3433	1100000000000009517	まっすん	6527
3434	97130	fin.	6524
3434	700000000000050302	duct	6524
3436	1500000000000006724	ワン	6520
3437	30934	asu	6516
3438	900000000000055737	のゅん	6513
3439	400000000000094069	maroknee	6512
3439	1200000000000096262	亀さん	6512
3441	400000000000001863	雑兵Ｄ	6508
3442	200000000000057503	うめこうじ	6507
3443	600000000000047758	ゆっち＠VG閃光のなるかみ使い	6505
3444	400000000000096239	スリップ	6504
3445	1000000000000002333	RX-178摩亜屈	6502
3446	1300000000000009177	有馬☆駿一	6500
3447	700000000000012816	ロックスたー	6487
3448	300000000000002613	くまなん	6478
3449	900000000000079776	くにさん	6477
3450	400000000000006820	むらぬきP	6469
3450	1000000000000036721	ワニ	6469
3450	1100000000000078921	Galinstan	6469
3453	1000000000000009932	T-act	6465
3454	500000000000000920	アルビレオ	6464
3455	400000000000002494	ひのれん	6450
3456	500000000000074318	☆*なな*☆	6430
3457	800000000000010165	ぽた	6428
3458	1000000000000046111	ほわいと	6421
3459	1300000000000059121	kei	6397
3460	200000000000099954	mist	6396
3461	400000000000099530	masamura	6392
3462	100000000000079554	アヴァロン	6390
3462	400000000000072989	いと	6390
3464	1300000000000100441	遠田焔汰	6386
3465	1300000000000030893	アカムトルム	6384
3466	1200000000000095430	聖ちゃん	6377
3467	900000000000001149	Haruka.D.Sikorsky	6376
3468	1000000000000001326	グダくさん	6365
3469	800000000000081403	K.K	6358
3470	1300000000000002731	ジャム	6356
3471	1200000000000015524	ウノトラマン	6355
3472	500000000000005365	南の果て	6354
3473	300000000000094669	ひろきち	6353
3474	1500000000000001504	あす	6347
3475	400000000000082144	Anna2010	6344
3476	200000000000098342	hiro	6342
3477	800000000000080347	らぅおう	6330
3478	1000000000000096572	ariue	6329
3479	500000000000042180	Ray-Ban	6312
3480	1100000000000021702	蛇の目傘	6311
3481	1200000000000084942	なめ	6307
3482	300000000000096181	しんいちろう	6302
3483	900000000000099911	kwsk	6300
3484	600000000000008697	かたや	6296
3485	1000000000000012152	晴	6293
3486	1300000000000086837	BlueBada	6291
3487	1300000000000000516	虚空風	6289
3488	600000000000017644	のん	6282
3488	1300000000000003774	ふぅか	6282
3490	600000000000000427	大津	6275
3491	1400000000000060430	ブルーオメガ	6274
3492	300000000000097214	さとみん	6270
3493	100000000000026432	わんわん	6264
3494	800000000000024519	Lisa-RICCIA	6259
3495	1300000000000099936	トーマ	6251
3495	1500000000000076791	Player 1003531455	6251
3497	800000000000074819	夏希	6246
3497	1400000000000010634	SEENA	6246
3499	1400000000000059934	はずれ	6243
3500	200000000000006276	sands	6228
3500	600000000000007559	不動 遊星	6228
3502	800000000000099187	めいでん	6226
3503	500000000000029130	ぢろ	6224
3504	1000000000000018375	ごっつぁん	6216
3505	1400000000000098957	冰	6213
3506	1200000000000001521	神無月ねこねこ	6208
3507	800000000000008621	有得	6184
3507	1000000000000041039	K太郎	6184
3509	300000000000084990	ﾊｽｷｰ	6176
3509	1300000000000053525	最弱男	6176
3511	100000000000078354	チチガタ	6172
3512	800000000000047319	あきぽん	6170
3513	300000000000004573	ベルナルド	6168
3514	1400000000000032321	シンジ	6164
3515	700000000000038876	ばかモン	6162
3516	700000000000009494	saxblue	6160
3517	900000000000073478	RB	6159
3517	1100000000000075511	km	6159
3519	1300000000000091152	雅雪	6156
3520	600000000000008239	TP	6153
3521	1400000000000050680	のーすはむてる	6150
3522	1100000000000045269	BLACK	6142
3523	1200000000000005690	カナダ	6136
3524	1300000000000003977	ギレンP@ラウメン募集中！	6120
3525	500000000000088396	OR	6116
3525	600000000000096020	ろー	6116
3525	1000000000000006560	クロサタン	6116
3528	200000000000008341	旋律の蒼	6098
3529	300000000000095543	そーだ	6096
3529	800000000000007596	あーか	6096
3531	800000000000098197	Player 1007095848	6091
3532	400000000000084783	みっちぃ	6087
3533	900000000000094910	ごましお	6075
3534	1000000000000000109	バルス	6073
3535	300000000000070456	桐崎彩夢	6071
3536	900000000000081129	とあるニート	6060
3537	700000000000072431	でんのすけ82	6050
3538	1200000000000000463	クッター	6045
3539	1200000000000061799	FILO	6035
3540	600000000000098438	Player 1007084118	6027
3540	700000000000025299	よっち	6027
3542	900000000000005007	YME	6022
3542	1200000000000096234	速水カナ	6022
3544	400000000000055726	さら	6008
3545	300000000000002306	クライン	6003
3546	1200000000000085472	realea	6000
3547	300000000000001084	こにこ	5995
3548	1000000000000080704	helios78	5992
3549	700000000000100222	H.K	5986
3550	600000000000055678	ノータカ	5985
3551	600000000000084915	しゅんぴ	5983
3552	500000000000000672	サチコDX	5980
3553	400000000000000323	Amuru	5974
3554	900000000000007715	ダイ	5969
3555	900000000000055758	めろんぱん	5958
3556	700000000000097998	いち	5950
3557	700000000000099440	いづみ	5946
3558	100000000000074936	ひお	5943
3559	92975	神八	5942
3560	200000000000015655	レイゲル	5933
3561	1000000000000051723	てらじ	5932
3562	200000000000042059	ベーコンスラッシュ	5926
3563	1127	ぽん	5920
3564	14586	genica	5919
3565	1200000000000037459	黒須	5912
3566	1500000000000099744	Player 1007625407	5904
3567	1000000000000026164	カジ	5903
3568	700000000000015650	＊なばり＊	5900
3569	500000000000052680	モルト	5894
3570	500000000000098458	みけ	5872
3571	500000000000013655	いつき	5866
3572	17402	タカポン《多忙デスin低(*^^*)※無しm(__)m》	5859
3573	1100000000000024577	あうあう	5857
3574	600000000000073758	真白	5848
3575	1500000000000097699	clear	5842
3576	100000000000004196	名無しのゴンベイ	5832
3577	700000000000022081	甘酢	5831
3578	600000000000007331	やまだ屋	5823
3579	1400000000000003807	森久保	5822
3580	400000000000052109	RUGGER	5810
3581	1500000000000007242	リックン	5807
3582	100000000000026669	かかお。	5806
3583	1000000000000010813	ATX	5799
3584	1200000000000097118	Tomoko  Kawakami	5798
3585	1000000000000099475	Escientist	5787
3586	100000000000083393	庶務	5779
3587	700000000000052541	かずき	5775
3588	800000000000060660	シロ06260066	5771
3589	400000000000049389	ヤスP (うさぎ系)	5770
3590	900000000000099701	Player 1007754745	5768
3591	1300000000000095684	alchemist	5766
3592	500000000000074964	Raito-P	5761
3593	300000000000001529	輝	5757
3594	400000000000074382	Rds	5754
3595	1100000000000005891	Green@真美・まつりP	5751
3596	900000000000098628	しおん＠同僚ｸﾀﾞｻｲ!	5746
3597	1200000000000087395	ガイヂ2	5742
3597	1300000000000003754	ピーコック	5742
3599	1000000000000005895	ブライトレッド	5740
3600	700000000000002454	ゆかり	5739
3601	1300000000000030097	tor	5736
3601	1500000000000016139	ツギハギドール	5736
3603	300000000000004912	KAz	5730
3603	500000000000098435	レンコン	5730
3605	1200000000000062614	Puding	5728
3605	1300000000000086908	りりす	5728
3607	300000000000001940	yoko	5727
3607	300000000000099724	チャー州MEN	5727
3609	400000000000099432	shun	5724
3609	700000000000081601	ナギ	5724
3611	800000000000005655	なー	5720
3612	500000000000020380	Sieglinde	5719
3613	600000000000094309	yyy	5716
3614	700000000000085269	主体 ☆ 統一	5709
3615	700000000000100508	おっくん	5708
3615	900000000000007211	飛沫	5708
3615	1300000000000005343	ZooCar=Night Worker	5708
3618	600000000000002204	こざる	5707
3619	900000000000074999	HARUKA	5705
3620	1000000000000005034	もん	5703
3621	200000000000078186	サイトウp	5701
3622	600000000000023216	kemusi	5686
3623	900000000000073439	12さい	5685
3624	1400000000000000721	ライト	5684
3625	400000000000026497	黒池	5673
3626	100000000000080586	ROXAS	5672
3627	1500000000000008354	ししゃも	5669
3628	1000000000000007451	なす	5662
3629	99807	夏越	5657
3630	500000000000005676	有栖川皐月	5656
3630	1300000000000002819	エル	5656
3632	800000000000022428	サナギ	5648
3633	1400000000000007538	you	5642
3634	700000000000057347	オクタビア	5635
3635	900000000000094677	センヤ	5630
3636	1400000000000003145	まさ	5629
3637	700000000000083781	fuchi	5615
3638	900000000000027060	紫楼紗夜	5614
3639	500000000000072080	みかげいし	5609
3639	800000000000079163	たま	5609
3641	1400000000000024962	ＮＡＫＡ	5605
3642	200000000000073522	こわたり	5600
3643	900000000000011705	Valmanway	5599
3644	200000000000078277	わき	5598
3644	300000000000001214	おハル	5598
3646	1300000000000098454	バーボン	5597
3647	79528	みっぷる	5594
3647	700000000000074986	こまち	5594
3649	500000000000097698	ホタル	5586
3650	600000000000025258	Karnas	5572
3651	200000000000034893	ゆゆ	5571
3652	400000000000097577	old_moon	5566
3653	600000000000077577	カバーず	5560
3653	1000000000000037420	ケンタロウ	5560
3655	900000000000007158	＠せみ	5557
3656	100000000000011893	ふくろう	5553
3657	10208	フェン	5538
3658	300000000000002246	TAK	5536
3658	500000000000014488	鷹音	5536
3660	1200000000000006240	むつみ	5535
3661	800000000000066000	C1	5526
3662	1200000000000008914	スノーマン	5523
3663	500000000000057187	にょづき	5518
3664	700000000000030468	NAP	5516
3665	1200000000000057944	への	5515
3666	900000000000029944	ゆたか	5514
3667	400000000000087841	ルイコスタ	5512
3668	200000000000015941	ＤＥＳＰＡＩＲ	5499
3669	300000000000001129	唐沢	5498
3670	700000000000013296	無尽合体ｷｻﾗｷﾞ	5490
3671	400000000000023366	HAL	5486
3672	1500000000000051120	みゃう	5484
3673	300000000000099657	フタバ	5482
3674	1100000000000037208	リローデッド	5479
3675	900000000000001749	浮世‐これ以上アプリ増やしたくない‐	5476
3676	1200000000000051091	コンクリ	5473
3677	600000000000053866	十代（オッＰ）	5469
3678	700000000000003874	ユー	5467
3678	700000000000079322	Tsato	5467
3678	1400000000000053092	荒波P	5467
3681	300000000000062680	まかvc	5466
3682	1500000000000008002	九条幸政	5463
3683	600000000000002602	鳥谷瑠美	5453
3683	1000000000000093429	そらいぬ	5453
3685	400000000000097547	Ririon	5448
3686	400000000000095950	大村	5445
3687	1500000000000076964	mare_53	5438
3688	300000000000079988	Player 1004244467	5425
3688	700000000000013672	炎神竜	5425
3690	1100000000000050753	まつし	5423
3691	200000000000074970	megumu	5419
3692	1000000000000005449	ふぐ	5412
3693	500000000000079768	冷や麦	5410
3693	600000000000080759	ノエタン	5410
3695	400000000000004560	tempest	5404
3696	800000000000001590	しえ	5394
3697	1100000000000010465	ミラ	5390
3698	1500000000000054295	カリン	5381
3699	400000000000061066	T.g.s revolution	5376
3699	1300000000000027348	野球マスクP	5376
3701	900000000000052112	かず	5372
3702	1400000000000078239	クライフ	5366
3703	700000000000001217	ＴＫＫ-Ｍ(招待は無視して下さい)	5360
3704	400000000000001786	モヘ	5356
3705	400000000000002502	あいちゃん	5352
3706	1500000000000071444	おたま	5346
3707	700000000000081365	ひなうぉ	5341
3708	800000000000098577	みふp	5339
3709	500000000000085758	くうき	5337
3710	99415	Player 1007319552	5336
3711	500000000000001464	賢者？	5334
3712	700000000000080813	刺身	5326
3713	1100000000000075472	バグス	5320
3713	1400000000000047512	爺椎茸	5320
3715	500000000000007186	ゆうき	5316
3716	1100000000000077663	Cherina	5313
3717	50942	ストラトス	5306
3718	1100000000000020397	ケイスケェ	5297
3719	1500000000000052155	百式	5292
3720	900000000000013291	なし	5288
3721	900000000000093016	アルカディア	5285
3722	5597	Blue3	5282
3723	1500000000000022178	よるかげ	5280
3724	200000000000085545	maruk	5278
3724	1000000000000007963	龍城	5278
3726	100000000000091930	96猫姫	5276
3727	400000000000076732	ヤマチャン	5267
3728	800000000000027424	ryof	5264
3729	1200000000000011352	面妖な暇人	5244
3730	1000000000000081336	exhaust	5234
3731	1000000000000073990	Yatchan	5231
3732	1100000000000002174	アングリル改【EZF】	5213
3733	500000000000051202	リカント	5208
3734	200000000000000911	クロス	5206
3735	800000000000011631	Georg	5201
3736	2253	部長	5200
3737	1100000000000037832	ミルギース	5194
3738	1400000000000056635	ケイ	5192
3739	900000000000099733	しなも	5190
3739	1400000000000000418	ホヒ爺	5190
3741	300000000000094215	まくらくま	5189
3742	600000000000007386	ほむ仁	5188
3743	300000000000045809	なつかわ	5186
3744	800000000000087638	yararuu	5179
3745	600000000000029914	ごちお	5176
3746	200000000000076030	みよ	5172
3747	1300000000000015456	びあほ	5170
3748	88466	とてけて	5162
3749	99873	はこぺん	5158
3750	600000000000056283	ちひゃー☆	5152
3751	700000000000098170	serits	5151
3752	700000000000028082	じじわーちん	5144
3753	700000000000055288	SO_RA	5142
3754	62455	ごしゅＰさま	5139
3754	900000000000026195	よしやす	5139
3756	200000000000054589	さかき	5138
3757	400000000000099843	Player 1007794964	5136
3757	1100000000000035572	カズGT:IGに演奏動画up中♪	5136
3759	1500000000000062294	たびまる	5135
3760	500000000000017593	ハルクスター	5126
3761	1000000000000000736	やまこう	5118
3762	400000000000031910	たー	5112
3763	2604	ちるだ	5103
3764	28450	キャット	5100
3765	1300000000000046304	あっとまーく	5096
3766	1300000000000051051	ネモフィラ	5078
3767	400000000000002619	A Shin Sydney	5076
3768	1200000000000006835	nash	5075
3769	100000000000000992	Aeon_Stigma	5070
3769	200000000000079988	ボンビー	5070
3771	1000000000000004576	KAW@千早ちゃんP	5068
3772	1500000000000003780	桐原キリ	5047
3773	1200000000000055410	オルタ	5039
3774	1300000000000004200	りゅうちゃん	5035
3775	1200000000000045033	yumanita	5026
3776	400000000000074366	ゆりえむ	5025
3776	700000000000024348	ルル(´・ω｀)	5025
3778	200000000000006740	蛮騎士@我が姫アゼイリア	5022
3779	700000000000039339	さかな	5020
3780	1200000000000040550	Fuhrer	5011
3781	200000000000083023	ゆ～おか	5006
3782	3569	AOI	5005
3783	200000000000055822	ぎふと	4995
3784	1400000000000029385	あまん	4990
3785	600000000000053572	ムッキー	4988
3786	100000000000096352	アルゴン	4978
3787	500000000000008536	shorter	4954
3788	1000000000000007438	ゆきぽん	4937
3789	700000000000002017	りふくん。	4928
3790	900000000000098100	kt	4923
3791	800000000000061192	りばっぢ	4912
3792	1000000000000027892	篁	4907
3793	500000000000100009	渚	4904
3794	1400000000000093775	クリス	4902
3795	100254	蒼そいびん	4898
3796	500000000000030832	綺堂さくら	4886
3796	800000000000010175	伴造	4886
3798	900000000000046875	123	4884
3798	900000000000078654	Sosogiguti	4884
3800	800000000000080594	チャーリー	4881
3801	300000000000043889	taka	4855
3801	300000000000076893	salts	4855
3803	1300000000000062662	ReD	4848
3804	500000000000050977	mayers	4847
3804	1100000000000007290	10mo	4847
3806	800000000000039120	さぼてん	4845
3807	500000000000032440	Castanea	4844
3808	900000000000093698	とーる	4841
3808	1000000000000086166	すろーかーぶ	4841
3810	600000000000012305	小太郎	4839
3811	400000000000097290	ちろ	4821
3812	1000000000000004913	ミズ	4816
3813	500000000000083692	Player 1004787925	4807
3814	1000000000000011456	アルク	4806
3815	1100000000000000595	なかな	4805
3816	1500000000000051907	代書屋	4803
3817	900000000000041811	はっしー	4802
3818	100000000000084990	しろねこ	4800
3818	600000000000002487	ユキヒカ	4800
3818	800000000000086207	Kōta隊長P	4800
3821	1200000000000019628	たまご(協力仲間に感謝☆）	4795
3822	200000000000051116	ひげまるP	4794
3823	100000000000036189	さかな	4788
3824	600000000000075902	えくれあ	4777
3825	200000000000057702	野獣先輩	4771
3826	900000000000026651	メサイア	4760
3827	200000000000052208	風使い	4746
3827	800000000000020555	シャカリキ	4746
3829	600000000000001887	アクセル	4741
3830	96997	zm	4737
3831	300000000000003959	タケちゃん	4734
3832	300000000000051053	三崎亮	4730
3833	1000000000000074498	あああああ	4728
3834	600000000000012651	C.A.Zeppeli@4th2日目全力	4726
3835	700000000000013593	起死回生 恵P	4725
3835	800000000000005399	アイク	4725
3837	300000000000017080	も～くん＠天空の乱れ八咫鴉	4721
3838	700000000000030425	さぶろう	4717
3839	800000000000028026	ぽてむきん	4711
3840	62344	らいち	4707
3841	100000000000043111	藪北  まったり～	4706
3842	800000000000003852	Gドラフト	4697
3843	500000000000100211	ピエロン	4696
3844	50730	リン♪	4690
3845	1100000000000015901	ミツル	4683
3846	200000000000028105	ひてん	4682
3847	200000000000017785	なるこ環@まれP	4680
3848	1400000000000000866	ステッラ	4679
3849	1200000000000001415	SFTS	4678
3850	98508	ナカノ	4673
3851	100000000000032829	おもち	4672
3852	900000000000083237	かきぴー	4671
3853	300000000000008300	DEKi	4668
3854	900000000000098336	永姫	4666
3855	300000000000098334	通行人B	4659
3855	1200000000000097974	XYLITOL	4659
3857	1000000000000026031	かける	4656
3858	900000000000011282	けんざぶろーちょっと釣りをお休みしますm(__)m	4655
3859	56574	ふ～る	4653
3860	1500000000000013798	プロブハート	4651
3861	1400000000000075356	ガラスのチキンハート	4650
3862	300000000000047089	ラクト	4641
3863	1300000000000096219	HoneyNoen = YuHanKim	4634
3864	800000000000092921	ゲオルグ	4616
3864	900000000000005406	式神	4616
3866	1400000000000039443	アッサン()	4610
3867	400000000000026051	ﾊﾟｰﾁｬﾝ★VAMPSライブ9/13 16zepptokyo	4600
3867	1400000000000007100	武ちゃんは17歳P	4600
3869	1310	ACRO	4596
3870	700000000000035173	ソーラ	4595
3871	30758	kei	4592
3872	1200000000000016045	MAIKEL	4591
3873	100000000000053675	優鯉パパ	4583
3874	400000000000038024	たま	4582
3875	600000000000082677	ハニーシ	4580
3876	600000000000001962	L('ω')┘ ≡└('ω')」	4578
3876	800000000000005073	けんたろー	4578
3876	1400000000000028507	湧哉	4578
3879	52736	らいじー	4568
3879	100186	おん	4568
3879	1300000000000026162	ikd	4568
3882	800000000000047969	テッツ	4556
3883	700000000000096291	衛士	4554
3884	80421	式．七夜	4551
3885	1000000000000043493	ゆゆさま～	4543
3885	1400000000000097124	かみやん	4543
3887	800000000000086980	ブリキ	4534
3888	700000000000082299	ファンテ	4532
3889	500000000000078535	dash7	4528
3890	800000000000009793	ナガタ	4521
3891	39336	azusa	4517
3892	700000000000095673	中神童	4511
3893	400000000000052674	ゆう	4508
3894	1300000000000015705	akot	4505
3895	700000000000022507	御花	4499
3896	1500000000000003128	翠蓮	4479
3897	900000000000032208	夢雪空	4478
3898	100000000000072428	如月	4471
3898	600000000000000633	タコ@お疲れモード	4471
3900	100000000000021294	ちょび	4470
3900	600000000000072423	うじまつ	4470
3902	300000000000077560	ダイヤ	4468
3903	500000000000055098	ちとせ	4465
3904	800000000000042475	ワタシダ	4464
3904	1000000000000092835	SAYAKA	4464
3906	96278	みるくこーひー	4442
3906	900000000000093194	城之内	4442
3908	1000000000000032589	てんとうむし	4438
3909	1100000000000097696	秋保温泉	4433
3909	1300000000000003785	しんたろー	4433
3911	100000000000030088	tomo	4432
3911	600000000000051927	jyacoco	4432
3911	800000000000046912	小鳩	4432
3914	700000000000057563	SekiP	4430
3915	1500000000000099787	Zakki-	4426
3916	200000000000061495	虎徹	4424
3917	1000000000000078214	クソネミ	4420
3918	700000000000001197	§黒雪姫§	4411
3919	100000000000006071	Wolx	4410
3920	300000000000096737	ばっふーP	4409
3921	700000000000086092	名無し	4404
3922	1100000000000005348	ぱぺっと	4392
3923	500000000000087813	チョコバー	4391
3924	1100000000000002718	doing	4385
3925	800000000000054708	コウノトリ	4378
3926	100000000000008890	VIVA	4345
3927	1500000000000025240	にゃんちゅう	4343
3927	1500000000000051173	ふぇぶ	4343
3929	600000000000077673	るーむP	4341
3930	100000000000062727	姫亞@招待シカトして下さい	4336
3931	500000000000099238	もんたえ	4321
3932	700000000000011652	Durango	4318
3933	500000000000004505	雅柳	4314
3933	1500000000000038879	七武衆	4314
3935	1000000000000050880	ななき	4307
3936	500000000000016326	自一次男	4306
3937	700000000000011216	ベッコウ	4305
3938	300000000000000802	虚雲（∵)Φ凪	4302
3939	800000000000096991	シーサー	4298
3940	30730	ミヤマ	4296
3941	1100000000000004936	姫川 涼	4292
3942	1400000000000098497	てんてん	4273
3943	200000000000075083	暁良は腹痛持ち	4270
3944	700000000000016365	ケイン	4266
3945	200000000000070805	きゅう	4256
3945	400000000000074892	Avol	4256
3945	1200000000000004715	セイ	4256
3948	900000000000006114	たかにゃ	4255
3949	100000000000038979	しろ	4254
3950	1500000000000077003	じょんそん	4253
3951	200000000000087286	kalra	4251
3952	900000000000074124	愉快な奴隷たち	4248
3953	1400000000000100250	アキオ	4241
3954	1300000000000090912	坏人三	4236
3955	400000000000047337	きまのら	4227
3956	700000000000078271	Kei	4224
3957	74437	水陸両用	4212
3958	1500000000000011997	くろみら	4210
3959	93635	まふ	4206
3959	500000000000055970	関拓	4206
3961	1000000000000057351	タック	4202
3961	1200000000000099794	woria	4202
3963	700000000000053066	クサリヘビ	4200
3964	700000000000018295	スノコ	4199
3965	1400000000000003779	りょう	4193
3966	1400000000000079648	leoding	4188
3967	700000000000003082	ゼーベス斉藤	4186
3968	800000000000028903	とーでん	4180
3969	500000000000050887	ながのん	4176
3970	700000000000100398	しんしゃー	4172
3970	1000000000000006459	タカキチ	4172
3972	900000000000077757	さとピー	4167
3973	1300000000000087052	ひよこ	4163
3974	400000000000084163	みらの	4161
3974	600000000000005744	Aqua Regia	4161
3976	400000000000019033	えるきす	4160
3977	900000000000096795	yama	4159
3977	1500000000000004724	ふるさん	4159
3979	100000000000030523	Minis	4158
3980	1100000000000011945	ROXAS	4153
3981	900000000000029062	ゆうきpss	4152
3981	1200000000000022666	たっつあん	4152
3983	1100000000000002933	テレッテ	4149
3984	1400000000000099453	アスカ	4147
3985	1000000000000024876	鮒子	4145
3986	900000000000076839	らずりー	4143
3987	200000000000093215	もふもふ	4140
3988	1400000000000097432	キクシオン	4137
3989	73979	南	4136
3989	96422	勇屋	4136
3991	100000000000091381	けい	4132
3992	1100000000000076575	take	4129
3993	800000000000034675	リズ@ミリ3rd仙台幕張1	4126
3993	1300000000000067964	マロ	4126
3995	1000000000000008550	でって	4125
3996	100000000000069282	フク2	4121
3997	400000000000083216	えりか	4120
3998	1100000000000074907	赤の守護神	4110
3999	700000000000073459	えふ	4106
4000	500000000000097445	なんちゃって	4095
4001	800000000000055160	えりんぎ	4089
4002	600000000000056093	シュン	4086
4003	1200000000000055234	GRASSFIELD765	4085
4004	200000000000026987	すかんP	4076
4005	1100000000000100070	タク	4073
4006	200000000000062266	capi	4067
4006	700000000000063310	ひでき	4067
4008	1300000000000002391	うろたつて	4047
4009	1500000000000097942	アギト	4031
4010	500000000000034890	蒼井	4020
4011	600000000000011473	タク	4017
4012	100000000000004652	radiomaster	4007
4013	100000000000003858	NzD	3999
4014	1200000000000060608	鬼の洗濯板	3993
4015	300000000000027248	タツカゲ	3986
4016	800000000000013050	岬	3984
4016	900000000000079629	ハリー	3984
4018	400000000000056937	華炎	3975
4019	600000000000001744	omochy	3970
4020	1500000000000099649	べるないん	3964
4021	800000000000032077	グレイソン	3963
4022	700000000000047464	あわんこ	3958
4023	200000000000098682	SPARK	3957
4024	800000000000094499	メネラウス	3955
4025	53436	うどん	3951
4025	300000000000096130	河埜	3951
4027	200000000000094565	going	3938
4027	400000000000000051	妖狐	3938
4029	700000000000004401	ガイスト	3936
4030	1100000000000021996	Show	3935
4031	800000000000073963	キュウリ爆弾	3929
4032	200000000000087413	nano	3921
4033	300000000000096255	ジュン	3917
4034	92007	amkdr	3916
4034	1000000000000007019	しげぞー	3916
4036	1400000000000045721	祐希さん	3906
4037	200000000000055650	ゆきち	3905
4038	1500000000000098221	せ	3903
4039	700000000000000638	じぇふ	3902
4040	1500000000000007279	リア	3900
4041	80319	弓兵	3893
4042	1000000000000026002	軍曹	3888
4042	1500000000000002413	tovl	3888
4044	1200000000000046226	ぼーびー	3887
4045	1100000000000080855	alo	3868
4046	900000000000034087	アルト	3864
4046	1200000000000027595	koikaze	3864
4048	700000000000009886	（｀・ω●）	3861
4049	1500000000000075799	はるき	3860
4050	1000000000000007649	ユウ	3858
4051	800000000000073925	ATC	3857
4052	700000000000007449	ばーむ	3852
4053	200000000000013365	ビロード	3847
4054	1100000000000094766	匣	3840
4055	700000000000094260	ジョルノ	3825
4056	900000000000007245	rin	3821
4057	1100000000000054037	アロッソン	3808
4058	87515	伊吹☆諒	3806
4058	100000000000007790	ジャン	3806
4058	200000000000001696	りょーてぃんΞHΞ【Ψ】	3806
4058	800000000000001694	幽鬼	3806
4062	100000000000046921	リュウ	3803
4062	1300000000000000198	タスタイ	3803
4064	1500000000000008822	あるぴー	3802
4065	1500000000000060898	昌幸	3794
4066	1000000000000074705	GanahaHibiki	3788
4067	1267	はしっと	3786
4068	100000000000097285	まんげつ	3780
4069	4360	おとこまる	3775
4070	1400000000000094661	キムラ	3772
4070	1500000000000062654	くみゃ	3772
4072	72571	リュウサン	3770
4073	23106	もり@BMD相互埋め希望(紗代子、可奈有ります)	3764
4074	700000000000016587	龍虎	3759
4075	800000000000076386	hogehoge	3755
4076	300000000000044635	パパちゃん	3753
4077	1000000000000096384	むぎくいねこ	3751
4078	800000000000008623	イバラキ	3750
4079	400000000000099941	のいきゅー	3746
4080	1500000000000053606	T.Y	3745
4081	1100000000000084090	眠り姫	3743
4082	500000000000002922	もとぬき	3740
4083	1500000000000096390	Player 1006421039	3735
4084	600000000000077348	GSDF	3727
4085	300000000000098462	木林	3718
4086	800000000000072605	南東	3717
4087	900000000000017355	iko	3713
4088	1500000000000020636	れの	3700
4089	300000000000098425	Aki	3696
4090	800000000000097248	Air	3692
4091	100000000000083649	さんじょー	3689
4092	1200000000000022037	モノクロ	3684
4093	1500000000000001157	岸田.Shangri-La	3683
4094	900000000000040055	龍	3682
4095	500000000000099624	雨葉月	3676
4096	1300000000000062169	くとぅぐあ	3674
4097	700000000000060130	-暁-	3670
4098	400000000000030417	モト	3666
4098	800000000000044968	ぷりる	3666
4100	400000000000073896	TaKa	3662
4101	800000000000036613	平面上の猫	3658
4102	800000000000001800	mist	3650
4103	400000000000085830	少しN氏	3647
4104	500000000000094306	viovip	3644
4105	600000000000056314	わーじ	3642
4106	200000000000073572	sei	3641
4107	60847	イトゥルベ	3639
4108	200000000000029654	Melody	3636
4108	1200000000000012816	そば屋	3636
4110	400000000000082024	夏音	3623
4111	800000000000004738	あきぞう	3619
4112	1400000000000004297	あきら(アプリのみ)	3617
4113	200000000000000965	むっしゅ	3616
4114	300000000000032562	天城龍慶	3611
4115	200000000000008122	プロブ	3607
4116	1140	わいのすけ	3605
4117	100000000000000302	ユッザーP	3604
4118	1100000000000017170	蒼夜	3594
4119	800000000000005075	アキラ	3591
4120	600000000000097953	木の梢	3584
4120	700000000000086051	しおい	3584
4120	1300000000000062446	らしゅ	3584
4120	1300000000000098582	躑躅	3584
4124	1000000000000011906	蒙ちゃんと布ーちん	3577
4125	400000000000008172	あいちゅん	3575
4126	100000000000000078	伊集院☆確斗	3574
4127	60337	ACミカン	3572
4128	300000000000005907	NaoMu	3564
4129	1300000000000097400	redshift	3558
4130	900000000000040364	オッドボール三等軍曹	3555
4131	1000000000000029534	軍医中将	3550
4132	1400000000000076197	くまp	3546
4133	900000000000055336	E.Ki-n	3542
4134	300000000000008176	タカ	3540
4135	700000000000007063	マヨキチの副長(もっさん)	3539
4136	99987	黒苺	3532
4137	100000000000037161	天 雪 風	3525
4138	1100000000000095566	かめまる	3522
4139	1100000000000001207	シンタナ	3517
4140	1100000000000010288	イッキ	3513
4141	37627	カムラのみ	3492
4141	100000000000008118	Iselina	3492
4143	500000000000094283	kyo	3480
4144	1100000000000054618	幻の学院生	3477
4145	1300000000000100672	Player 1007890301	3472
4146	1000000000000003932	ブルコギ井(GEE)@ラウメン募集中！	3465
4147	1500000000000099586	じまみあす	3464
4148	400000000000055790	エルナンデス	3462
4149	1300000000000001085	hershel	3460
4150	1300000000000008189	黒き風	3458
4151	100000000000019034	ぽぽ子	3447
4152	1200000000000059615	のぶゆき	3438
4153	800000000000004504	リトル	3436
4154	1100000000000007714	kira	3426
4155	1200000000000007259	蒼耶∞	3423
4156	1300000000000044718	てったん	3418
4157	1000000000000074558	ホシゲン@Laniakea	3414
4158	800000000000086054	あくせすおにいさん	3411
4159	900000000000031565	樹神	3408
4160	300000000000078798	よっちゃん	3399
4161	1200000000000019739	璃紅♂	3397
4162	1200000000000099441	Player 1007681612	3396
4163	1400000000000042722	如月	3390
4164	800000000000013909	れおーでぃんぐ	3386
4165	800000000000097575	ワッター	3383
4166	1400000000000011959	狼陽	3381
4167	1200000000000077130	カンザ	3375
4167	1300000000000098702	Player 1007009549	3375
4169	200000000000030386	namco	3374
4169	400000000000034697	キノ	3374
4171	600000000000073093	たけしし	3372
4172	1100000000000055468	ヘイホー	3370
4173	1400000000000004530	ねこ	3363
4174	1400000000000040929	いろ	3362
4175	1300000000000045762	成長途中	3361
4176	400000000000063474	カサンドラ	3358
4177	400000000000002526	ちくたん	3353
4178	1400000000000086396	なにぬねの	3350
4179	700000000000021627	アキラ	3341
4180	1200000000000001288	あむちー☆――言質、いただきました♪	3340
4181	62477	にじげの猫	3316
4181	800000000000002600	ふぉるてぃ	3316
4183	1100000000000025796	メテオ	3309
4184	100000000000003535	OhbaK	3308
4185	100000000000006573	ゆう	3300
4186	500000000000058759	さーもん	3297
4187	1200000000000050075	まないたねるね	3293
4188	600000000000099713	今日も元気。	3287
4189	500000000000054482	ヘリウム	3284
4190	200000000000092105	にく	3282
4190	1000000000000054174	ヨウ	3282
4192	1400000000000036732	adolc7	3276
4193	1400000000000023224	てらけん♪	3275
4194	800000000000078734	kagami	3274
4195	700000000000058632	スープバー	3270
4196	1200000000000078016	ダイナマイトおおかみ	3266
4197	1500000000000005836	シェルパ	3258
4198	1400000000000100526	nini	3255
4199	500000000000099817	もりふぁん	3252
4200	1300000000000045941	黄鏡	3250
4201	7760	なきぃ～	3235
4202	52281	深紅	3234
4203	600000000000100131	ssil	3228
4204	97231	Yuki	3225
4204	800000000000053616	八咫烏	3225
4206	200000000000002215	まっと	3224
4207	600000000000002483	ゆー	3220
4208	1500000000000075055	NoChugo	3219
4209	1000000000000001798	絵梨奈	3216
4210	500000000000097307	next	3215
4211	60842	シン	3201
4211	800000000000035258	ﾙｰｼｨ	3201
4211	1400000000000055663	寿音	3201
4214	1100000000000011331	まる。@美希P	3194
4215	200000000000055044	けい	3192
4215	1100000000000100047	Player 1007873915	3192
4217	96074	Ma:SA仲間に感謝！	3182
4218	200000000000007128	りょうが	3179
4219	5593	たぬキング	3178
4219	1500000000000062622	keizine	3178
4221	1000000000000001884	カットラス	3168
4222	900000000000079523	司悠	3165
4223	100000000000036662	しらた	3153
4224	100000000000024791	ムロン	3148
4225	1200000000000041689	RSS☆5	3144
4226	300000000000015197	でゅお	3143
4227	1300000000000080953	冰?葫芦	3140
4228	100000000000050477	彼方	3132
4229	83392	トム	3129
4230	1300000000000009242	蜂	3124
4231	200000000000036632	ぼーろ	3123
4232	700000000000004796	アクリル	3120
4233	900000000000031794	おはな	3119
4234	100000000000007576	いっか	3117
4235	200000000000028496	ゆんな	3114
4235	300000000000004798	としもん	3114
4235	300000000000052021	森崎ヨシダ	3114
4238	400000000000015829	darkzero	3112
4239	100000000000074811	チグノ	3110
4240	200000000000098333	ポンポン	3109
4240	1400000000000047625	雪野路	3109
4242	1300000000000005666	にじめも	3108
4243	900000000000002841	ぷっぴ	3107
4244	100000000000066106	景央	3105
4244	500000000000061857	マーク	3105
4246	800000000000096205	草間 朝太郎	3104
4247	600000000000047114	DCP	3103
4248	1000000000000002621	いくぞー	3102
4249	500000000000005041	ひのお	3100
4250	900000000000021816	しめさば	3098
4251	900000000000006795	エノ	3097
4252	1300000000000006563	はいご	3092
4253	1400000000000049350	tk多忙により放置になります	3083
4254	53714	グリP	3080
4255	800000000000011572	Jin	3074
4256	500000000000038928	Hp	3072
4257	700000000000005284	ばーた	3070
4258	700000000000012667	ドリル齋藤	3066
4259	700000000000098713	ますお	3065
4260	8257	ゆまっち	3060
4261	200000000000003722	ksho	3053
4262	1300000000000005369	ホマレ	3051
4263	500000000000086046	庄屋	3050
4263	700000000000005189	ガーツー	3050
4265	37662	syokumazin	3049
4266	1300000000000061993	珈琲	3044
4267	500000000000093511	ClearEyezz	3041
4268	2888	Tubalcain	3040
4269	300000000000093518	祐介	3039
4270	1000000000000063131	アファームド	3035
4271	600000000000061798	masa	3032
4272	700000000000097827	ジャモヤ	3024
4273	200000000000086854	エイラ	3023
4274	1500000000000004304	しるこさんど	3017
4275	1200000000000066631	アホガエル	3016
4276	600000000000097184	BB44	3014
4277	500000000000049290	Yuki	3006
4278	500000000000057873	ふうせんかずら	3003
4279	1300000000000087710	リッツ	3000
4280	200000000000039817	ソード	2993
4280	1400000000000011853	音浦	2993
4282	400000000000085652	M.A.S	2990
4283	1000000000000052552	若さん	2988
4284	200000000000008293	runa*	2987
4285	700000000000078993	みどりんぐ	2985
4286	500000000000039112	入れ歯がいればなぁ	2984
4286	900000000000035767	旦那ｒ	2984
4288	100000000000043024	雨	2983
4289	88004	ほさきゃ	2982
4289	500000000000034024	くろ	2982
4291	200000000000088370	ともp	2975
4292	700000000000052474	RIKODEOP	2971
4293	1000000000000053393	ゆーじ	2961
4294	400000000000024127	たっくん	2960
4294	500000000000081148	らすくまん	2960
4296	100000000000052243	れでいぃ	2952
4297	800000000000091568	桜子mk10	2945
4298	1400000000000006386	ろっぷ（招待・カムバックメール無視してください）	2943
4299	300000000000078580	みや	2940
4300	500000000000034494	クラビス	2939
4301	1200000000000000265	とっきー	2936
4302	1100000000000099911	blue	2935
4303	100000000000054957	空翔	2934
4303	800000000000014077	ゃす	2934
4305	1300000000000100669	あさか	2927
4306	100000000000073658	フォドリオン	2926
4307	800000000000083571	猛虎トラキチ	2925
4307	1100000000000097732	がいじん	2925
4309	1200000000000025026	dee　	2923
4310	800000000000095618	がし	2920
4311	500000000000086676	ハシ	2916
4312	300000000000044175	ひろ＊	2913
4313	900000000000079649	Player 1004188313	2910
4314	900000000000078877	reomao	2901
4314	1500000000000083822	hanyapon	2901
4316	1000000000000099622	ぽむぅ	2891
4317	1300000000000097034	さくげつこち	2882
4318	76289	あまね	2878
4319	100000000000100012	Player 1007721697	2868
4319	200000000000001113	焔	2868
4321	600000000000077883	ソーチ	2860
4322	900000000000097730	サハラ	2850
4323	300000000000098976	クララ	2847
4324	1100000000000092961	こうじまち	2844
4325	1300000000000079359	Miluku	2842
4326	100000000000018625	中村主水	2841
4327	1100000000000004620	頑張るマン	2840
4328	300000000000095958	羽Ｐ	2833
4329	800000000000008520	冷都	2832
4330	100000000000085499	けんだまん	2828
4331	900000000000070926	しかで	2826
4332	100000000000000036	よっと	2825
4332	1300000000000060990	吹雪	2825
4334	900000000000002550	本部長Ｐ	2814
4335	1200000000000093747	dragonfogus	2810
4336	100000000000004632	ミスてぃらみす	2808
4336	200000000000058730	にゃんこ	2808
4338	200000000000094869	はるまき	2799
4339	73840	lang	2796
4340	1500000000000004358	パス	2787
4341	900000000000097153	手塚	2777
4342	200000000000007372	いっくん	2776
4343	98532	スピアー	2769
4344	1400000000000023881	takuzo	2766
4345	1000000000000001850	琵琶速秀	2754
4346	300000000000097273	まさなり	2753
4347	46184	ごのじ@お疲れ様でした	2752
4348	400000000000092500	ネオ	2744
4349	500000000000005462	ＴＶ君です。	2742
4350	1500000000000079085	VOLUPTAS	2740
4351	600000000000000827	ハナビ	2738
4351	1000000000000001312	まウサ	2738
4353	400000000000031521	綺乃	2735
4354	100331	R	2730
4354	600000000000057044	抹茶雪	2730
4356	1500000000000000292	水樹つみき･･･ツンネコっす！in率減	2724
4357	1000000000000015411	マクサス	2717
4358	700000000000087586	nickname	2715
4359	1500000000000000921	ろくがつ	2709
4360	800000000000084827	taku	2706
4361	400000000000036056	タツ	2703
4362	600000000000035234	バキュラ	2702
4362	800000000000095882	れん	2702
4364	200000000000098272	ShidouP	2700
4364	800000000000016098	タルト	2700
4364	1500000000000085859	いなばものおき	2700
4367	1300000000000099426	鹿の子	2689
4368	200000000000062065	一刀＆しお	2687
4369	300000000000076804	かっか	2684
4370	1200000000000001806	Uターン	2681
4371	500000000000043276	Take_Kaz	2673
4371	800000000000097639	せみかん	2673
4373	700000000000028371	じゅぴたー	2670
4374	300000000000027460	キリノ	2656
4375	600000000000040308	やまやまたん	2655
4375	700000000000004400	河城にとり	2655
4377	1000000000000014139	宴枕	2646
4378	158	金平糖	2634
4379	900000000000005508	フィリピン海P@EH相互募集中 出)可奈志保	2633
4380	500000000000006454	みなっち	2632
4381	700000000000051305	tucky03	2630
4382	100000000000010598	dancer	2629
4382	1400000000000085388	ＩＢ2012	2629
4384	800000000000003254	ガルフストリーム笹本	2626
4385	100000000000074834	詩里亜【多忙】	2595
4386	1000000000000083731	ラグナル・ロズブロク	2580
4387	900000000000052336	ぼるぼっくす	2575
4388	1300000000000080481	に゛	2574
4389	200000000000090192	ayaya	2573
4389	800000000000001301	ワタル	2573
4391	1000000000000028683	もえ	2562
4392	1400000000000074952	カガリ	2557
4393	1300000000000097177	わさわさ	2554
4394	1300000000000099311	サバキアタエルー	2553
4395	500000000000099574	ハンジ	2551
4396	1000000000000061956	ハル	2550
4397	100000000000000890	すばる	2548
4398	700000000000085054	ばんちょ	2540
4399	1000000000000023085	SHOWGO	2535
4400	1500000000000075546	groovybear	2525
4401	300000000000017090	アイン	2522
4402	900000000000049555	たろひさ	2516
4403	500000000000079923	兎将軍	2513
4404	1400000000000044034	ろんP	2509
4405	1300000000000011751	わた虎竜	2506
4405	1500000000000076898	ワタル	2506
4407	700000000000055515	メルカン@あずさフラスタ企画中	2501
4408	1500000000000044919	ｱﾈｰﾛ[休み、休み参加中]	2500
4409	1400000000000003746	さむいなか	2498
4410	1000000000000071519	ﾖｼさん	2484
4411	47616	マサ0119	2479
4412	600000000000006790	ペンギン	2470
4413	8433	すとら	2469
4413	1300000000000011524	サニーボーイ	2469
4413	1400000000000036566	鳩	2469
4416	1300000000000004035	ひろ	2468
4417	200000000000061491	スギ	2467
4418	1000000000000059200	クリエス	2465
4419	700000000000007137	kkkkkry	2457
4420	100000000000046766	なみP	2443
4421	1300000000000012828	くろちゃん	2441
4422	1300000000000015849	sekowa	2435
4423	300000000000050773	koppi	2431
4424	1200000000000005268	アキラ	2430
4425	300000000000001967	（・x・）	2429
4425	600000000000026533	K.M	2429
4427	1400000000000098670	利愛	2427
4428	900000000000009311	バラルA	2422
4429	500000000000000127	chopper	2415
4430	800000000000008996	ひらさわさん	2412
4431	500000000000056365	たけま~る	2408
4432	1000000000000062161	ランブータン	2400
4432	1500000000000085861	み	2400
4434	1400000000000069607	Sejou	2392
4434	1400000000000082531	もちに	2392
4436	1500000000000061587	ニンニクマンP	2390
4437	400000000000008607	NT	2388
4438	500000000000042956	kuunyan	2387
4439	1000000000000098915	キストリン	2382
4440	100000000000055566	どるしあじおーる	2376
4441	800000000000009768	りょ～すけ	2373
4442	700000000000084898	鈴蘭	2368
4443	300000000000092920	りきまとり	2365
4443	300000000000098874	てりかず	2365
4443	1500000000000097915	ECHO	2365
4446	700000000000037616	マサ	2361
4447	700000000000100485	メル	2355
4447	1500000000000004263	こず	2355
4449	1500000000000035574	はぬ	2343
4450	200000000000006877	bell	2341
4451	1200000000000048637	ジャパス	2338
4452	100000000000098513	かげろう	2334
4453	700000000000001072	刻	2328
4454	500000000000061171	そら	2325
4455	97994	jamjam	2324
4455	100000000000001675	saku	2324
4455	1000000000000078358	みかん	2324
4458	1400000000000085446	ボンボン	2323
4459	400000000000021439	シオン	2314
4460	800000000000008057	リョージ	2308
4461	400000000000051895	ジリト	2304
4462	900000000000083725	ちーさや	2301
4463	400000000000002255	リオス(変態紳士)	2299
4463	600000000000001056	けもあき	2299
4465	300000000000055807	星吹	2296
4466	100000000000005996	ムラコシ	2294
4467	700000000000099678	イトケン	2288
4468	86962	ヤンソ＠同僚募集中	2284
4469	1400000000000092453	Will	2275
4470	1200000000000099680	根菜類	2270
4471	45214	へいぼーん	2265
4472	700000000000004273	とし	2261
4473	13177	noriben	2260
4473	500000000000098450	山本 潤平	2260
4473	1300000000000096896	ヤシロク	2260
4476	700000000000018073	ヨッピィチャン	2254
4477	1500000000000051451	刃	2251
4478	100000000000086578	式	2249
4479	200000000000027183	しろだい	2246
4480	1100000000000003281	うが	2239
4481	45491	あとむ	2238
4482	100000000000099775	Player 1007571217	2232
4483	200000000000099072	Player 1007151554	2231
4484	900000000000056715	弑@愛しさでしねるいっそころせ	2229
4485	800000000000098831	恭介	2226
4486	100000000000039002	かめこ	2224
4487	1100000000000058427	ユウキ	2216
4488	500000000000074490	良P	2215
4489	1300000000000028087	天王星	2205
4490	300000000000084083	水玉	2203
4491	300000000000085517	Player 1005040083	2201
4492	500000000000054054	中の人	2199
4493	600000000000030944	モン太	2194
4494	1000000000000000771	えびP	2193
4494	1000000000000001431	EKI_	2193
4496	900000000000036063	ゲルニカ	2192
4497	500000000000003576	こてつじろう	2190
4498	1000000000000055327	おニャとも	2187
4499	1000000000000075165	さば	2185
4500	500000000000000179	リュウキ@ラウメン募集中	2184
4500	1000000000000100325	zoff	2184
4502	100000000000003010	ひやま	2180
4502	500000000000003314	カロ	2180
4504	400000000000034563	ニッシー♪♯☆友希歓迎☆	2177
4505	100000000000004845	Miya.D	2175
4505	900000000000078647	みみ	2175
4507	21559	コケコッコ	2173
4507	1000000000000046887	ショコラ	2173
4509	1500000000000059852	ゆーすけ	2170
4510	800000000000085464	弱気	2169
4511	1000000000000005576	おかず	2164
4511	1200000000000004735	くろあり	2164
4513	1000000000000018768	空我	2163
4514	800000000000078739	平凡な日常	2159
4515	1100000000000014982	まなお	2158
4516	1400000000000093783	Daisuke	2154
4517	1400000000000056616	弱いサカナ♪	2153
4518	1300000000000000118	四泡ゆう	2149
4519	900000000000030320	ありす	2144
4520	1100000000000096131	ビメイダー	2143
4521	500000000000014681	キムニー	2136
4522	1100000000000080642	マサヒロ	2135
4523	1500000000000061536	みゆう	2134
4524	79913	甲山虎	2131
4525	500000000000091669	エンペラ	2127
4526	1200000000000090893	mokupyi	2116
4527	200000000000010212	虚弱王	2115
4528	1200000000000074733	ダイ	2106
4529	1100000000000036210	ツクラ	2105
4530	200000000000023741	はがねまる	2100
4531	100000000000098748	KKKorota	2099
4532	100000000000004120	kaito	2085
4532	100000000000055247	ze	2085
4534	6751	Rotary Soul	2079
4534	900000000000003844	ナポ	2079
4536	700000000000003425	何残bot@ミリオン長期休止	2076
4537	55858	そら	2069
4538	400000000000001507	ガゼル	2066
4539	1500000000000076719	カプレーゼ	2064
4540	200000000000061827	カズマ	2060
4541	200000000000004237	にゃんこてんてー	2059
4541	1100000000000012650	アルセン	2059
4543	700000000000082274	J4CKSh0rtY	2057
4544	300000000000003853	masa	2056
4545	700000000000003766	もりまる	2046
4546	100000000000068210	カン	2042
4546	1300000000000070814	ria	2042
4548	1300000000000087353	白	2033
4549	300000000000002801	ひろ吉	2025
4549	400000000000077492	ame	2025
4549	1000000000000000055	LE-Y/n	2025
4549	1500000000000049948	Kyon geass	2025
4549	1500000000000096766	ジョニー	2025
4554	400000000000074336	よね	2019
4555	1400000000000047508	ウミヒト	2016
4556	200000000000059898	マキ	2014
4557	700000000000056328	よだれむし	2008
4558	700000000000012002	バトレガー	2002
4558	800000000000097727	萩原	2002
4560	900000000000010488	うへの	1996
4561	200000000000003006	Erina-Lapis	1990
4562	1400000000000086051	ベルチェ	1986
4563	900000000000085462	月雪うさぎ	1984
4564	200000000000006841	しぇりる・の～む	1980
4565	1200000000000051245	のん	1976
4566	98249	キンタ	1974
4567	8634	ゴミリス@がんばらない	1972
4567	500000000000033143	ムンクさん	1972
4569	400000000000092980	Player 1005809332	1970
4570	73835	29にっく(幸福こい)	1969
4571	1100000000000001075	ミノリ	1968
4572	100000000000099830	マークネモ	1966
4573	1100000000000008515	ブルート	1964
4574	200000000000089151	lop	1962
4574	1000000000000099179	やまだ	1962
4576	600000000000091877	Ries	1961
4577	1400000000000098227	窓際のカーテン	1957
4578	1000000000000000634	ドラッケンファウスト	1951
4579	1000000000000004790	morelemon	1944
4580	200000000000055073	みつば	1939
4581	100000000000085803	ばこばこ@ロクでなし魔術講師	1938
4582	600000000000021553	Qちゃん	1937
4583	300000000000058509	LIBROS	1935
4584	800000000000099288	rocksuch	1926
4585	16440	ちょこな	1925
4585	1500000000000095809	WAKAKIN	1925
4587	800000000000098032	Player 1007060664	1924
4588	1400000000000000003	aka3kichi	1923
4589	600000000000003400	キングクリムゾン	1918
4590	300000000000099634	くじら	1914
4591	1100000000000024364	†ＪＡＭ†	1910
4592	51127	胡瓜	1908
4592	700000000000011006	たばねこ	1908
4594	100000000000001756	のら	1906
4595	300000000000046252	JUNYAN	1905
4595	400000000000001365	使い捨て	1905
4597	1200000000000099063	筋子鱈子	1903
4598	100000000000093465	GO	1902
4599	400000000000002841	通行人Ａ＠頭タオル	1893
4600	400000000000008928	こっとん	1892
4600	500000000000097110	対馬蝦夷守智典	1892
4600	800000000000016989	翔	1892
4603	1400000000000006744	ｿﾗ･ﾌｫｰｽ･ｲｰﾀｰ	1891
4604	800000000000010713	†2号†	1890
4605	1400000000000084108	そうちょう	1886
4606	400000000000092935	きー(※無しごめんなさい)	1880
4607	77249	ブギー	1872
4608	100000000000025200	Sinra	1863
4609	400000000000029682	こめっこ	1862
4610	600000000000055030	浜名湖軍団冴場亮	1860
4610	800000000000013200	クロ	1860
4612	600000000000098996	shankai	1857
4612	1500000000000031181	lotte	1857
4614	44209	ＰＯＫＯＴＥＮＧ	1856
4615	1300000000000005050	微糖くん	1849
4616	74150	さとりん	1848
4617	1300000000000080882	しゃと	1845
4618	88431	ぶれっと	1843
4619	1400000000000075968	モノモノ	1839
4620	500000000000054427	にゃんと3939	1834
4621	700000000000005626	きょん†｡｡	1833
4622	1000000000000029265	カノン	1832
4623	500000000000100277	水琴	1828
4624	1000000000000002235	ビリ破り	1827
4625	1300000000000083401	アサノ	1825
4626	1100000000000092899	カナン	1821
4627	100000000000056747	yonku882	1817
4628	1300000000000085597	アベニュー	1815
4629	1300000000000075368	ゆずこしょう	1806
4630	700000000000086052	じゅんや	1804
4631	200000000000029054	ask04	1800
4631	1100000000000029401	直政	1800
4631	1300000000000005293	クロレキーシＰ@可憐ちゃんhshs	1800
4634	300000000000098662	いちご	1796
4635	400000000000036714	ベルモンド	1792
4635	1400000000000002249	濱yo	1792
4637	800000000000011904	タンス	1788
4637	1400000000000062227	すくなび	1788
4639	1200000000000072972	松本秀人	1785
4640	700000000000023209	楽兎	1782
4641	500000000000003035	kazuki	1780
4642	200000000000075947	zhangruiy	1778
4643	600000000000088257	すだれ	1773
4644	300000000000002896	はっく！	1761
4644	1100000000000094267	はち	1761
4646	1200000000000052142	潮来梯	1759
4647	1400000000000002664	小岩井珈琲	1756
4648	1500000000000055072	Mai	1752
4649	1300000000000011789	なんこつＰ	1749
4650	100000000000036902	sりう	1744
4651	500000000000007103	ﾄキメキラリ	1743
4652	1500000000000012987	来栖川芹香	1739
4653	800000000000003135	五郎蔵(ゴロゾウ)	1735
4654	200000000000033147	utimasam	1730
4654	400000000000078232	くろろ	1730
4654	500000000000035583	うへい	1730
4654	600000000000057445	おかとじ	1730
4654	800000000000000146	タコライス	1730
4654	1200000000000013754	hele	1730
4660	400000000000044050	なぃちゃω｡´艸)ｶﾞﾙ[赤]下さい～	1727
4661	700000000000099414	クレイ	1726
4662	400000000000046949	焔星	1725
4662	1000000000000053219	ヘルハマー	1725
4664	200000000000024506	でふぉ	1724
4664	1100000000000080219	baban ban	1724
4666	400000000000002194	まいったね…	1723
4667	1300000000000077193	あっくん	1718
4668	1000000000000004012	ホーリー	1715
4669	600000000000071606	ダン	1712
4670	400000000000032657	トリトン	1710
4671	95343	クロガネ	1704
4671	900000000000091622	ぷっちん	1704
4673	200000000000016116	しろた	1703
4674	1200000000000013042	とーふや	1702
4675	3225	すばP	1700
4676	800000000000024956	R^103	1699
4677	1000000000000067988	あおいP	1694
4678	700000000000030906	元輝	1692
4679	300000000000094388	磯田	1684
4680	6059	れいるず	1680
4681	900000000000003319	とらこ	1676
4682	1000000000000000005	ドラムン	1675
4683	700000000000000342	うぃーど	1674
4684	600000000000075342	クゥロロP	1672
4684	1100000000000005744	シオン	1672
4686	1100000000000079608	yunjo	1670
4687	1300000000000047028	しの	1668
4688	76740	エクス	1665
4688	1400000000000011040	花映塚	1665
4690	900000000000053375	humi	1663
4691	1200000000000012622	みかん@りんご	1655
4692	500000000000085137	takotako	1651
4693	300000000000040463	takeninakata	1650
4694	400000000000015485	Kery	1643
4695	300000000000019537	月詠	1641
4696	700000000000020029	シャル@アルバム埋め募集中	1638
4697	79288	まいちん	1634
4698	1100000000000004548	タオール	1632
4699	800000000000000603	らくだ	1631
4700	200000000000000586	JIRO丸	1628
4700	1300000000000099725	閃光の舞姫エネ	1628
4702	200000000000098300	みっつーＰ	1623
4703	100000000000082327	エイプ	1622
4703	1500000000000095943	匿名５０	1622
4705	800000000000078649	ぷろっきー	1619
4706	200000000000091197	ディエゴ	1616
4706	600000000000030663	新郷 京　お宝プレゼント感謝m(_ _)m	1616
4706	600000000000093314	イチゴ味	1616
4709	28002	十万石	1615
4709	1400000000000098677	もりこう	1615
4711	98796	97%無糖	1613
4711	1400000000000017318	C5PO	1613
4713	400000000000057011	kazu15973	1611
4714	500000000000098424	xemnas	1610
4715	400000000000050537	Riko	1608
4716	500000000000000706	ヒルト	1607
4716	800000000000025294	右京龍也	1607
4718	200000000000037781	KEI	1602
4719	700000000000090843	んん	1601
4720	900000000000005316	ゆーか	1596
4721	1200000000000010717	にしおり	1593
4721	1200000000000099844	ざきやま	1593
4723	1400000000000004334	アル	1591
4724	1100000000000046358	面妖めんぬ	1588
4725	1000000000000059149	まいなす	1579
4726	200000000000098033	りんご6つ	1575
4726	1500000000000009413	ユキヒラ	1575
4728	1000000000000047648	とりおん	1574
4729	14269	シリュウ	1572
4729	500000000000057398	かるぱす	1572
4729	1300000000000007455	和田	1572
4729	1500000000000019333	夜行性	1572
4733	200000000000018456	ＬＵＩ	1571
4734	73951	かつ丼	1568
4735	300000000000077192	Player 1003678755	1554
4736	700000000000038573	ぶち	1551
4737	500000000000052742	tamushi	1548
4738	400000000000037155	萩原 雪歩	1540
4738	400000000000054976	Buront	1540
4738	600000000000080598	生田	1540
4738	1200000000000023567	赤い彗星(シャアvsアムロ)3Dボレー	1540
4742	1000000000000007218	ろば	1536
4743	700000000000099108	金火水金金土土	1534
4744	100000000000084657	はるあとハルン	1533
4745	99219	ペル	1532
4746	900000000000061093	そぼろ	1531
4747	700000000000100566	orange	1527
4748	100000000000099862	kuwai	1526
4748	1100000000000077934	TOMO	1526
4750	100000000000062074	もんぶらん	1520
4751	700000000000073517	ミシェル	1512
4752	1000000000000096097	エオリア	1511
4753	1400000000000082269	凪	1510
4754	400000000000009678	Ayuta	1509
4755	800000000000002697	悠醍★	1508
4756	400000000000099372	アネモネ	1496
4757	700000000000079095	無我夢中	1491
4758	200000000000024526	ALDONES	1481
4759	5346	あじへい	1479
4759	1500000000000086855	こみや	1479
4761	1300000000000098620	ひどらじん@同僚さん(　´∀｀)ゞ ｲﾗｯｼｬｰｲ	1476
4762	400000000000085633	あそやま	1475
4763	600000000000099667	346に負けない	1473
4763	700000000000071937	しゅーあいす	1473
4765	1200000000000003549	ナル	1470
4766	300000000000061781	あき	1465
4767	1000000000000056098	Chiaki	1464
4768	200000000000086918	月森孝介	1461
4768	1300000000000000187	あもにゃんこ	1461
4770	1100000000000001863	もふもふ	1456
4771	1500000000000061541	暴走マッスル	1453
4772	1100000000000036885	damedawa	1450
4773	200000000000019297	HaSSHiI-零	1437
4773	600000000000096977	めびうす	1437
4775	1000000000000076281	Touko_Shiki	1435
4776	1300000000000024856	睡魔er＋	1434
4777	600000000000099788	ライト	1432
4778	1500000000000098566	くぃくぃ	1427
4779	300000000000071840	R	1425
4779	500000000000003079	(*･ω･)	1425
4779	700000000000078007	hima	1425
4779	900000000000001438	ﾊﾞｰﾄﾞ	1425
4779	1000000000000019607	♪蓮花♪	1425
4784	61807	安眠	1422
4785	1100000000000001880	うちなー	1414
4785	1400000000000028459	イムヒロ	1414
4787	900000000000050714	tiger@香港支部	1409
4787	1400000000000025540	ペペロンチーノ	1409
4789	500000000000098441	kamiizumino	1405
4790	700000000000045554	れーな	1398
4791	1100000000000002119	key	1397
4792	500000000000037244	ツバサ	1395
4793	600000000000031148	しんたいかさ	1390
4794	79815	カヅキ	1384
4794	1500000000000003413	こくまと	1384
4794	1500000000000008751	かめきち	1384
4797	600000000000075041	Trench	1376
4798	1100000000000099454	T28	1372
4799	600000000000003484	ぺたじーに！	1370
4799	1300000000000000217	絢月	1370
4801	600000000000067675	シグナレス	1364
4802	12022	KEITA	1362
4803	200000000000086824	ななふし	1360
4804	700000000000046957	おうど	1355
4805	800000000000014097	かずなま	1352
4805	900000000000097234	ごへい	1352
4805	1400000000000077343	shin	1352
4808	700000000000000441	ＳＦ	1349
4809	500000000000081223	真美のている	1338
4810	600000000000099322	アタリ	1334
4811	400000000000003198	みっくん@ζ*'ヮ')ζうっうー！	1332
4811	1300000000000098502	ヨッコー	1332
4813	1300000000000014643	軍隊アリ	1328
4814	1200000000000003818	クック	1327
4815	1400000000000032083	りんりん＠さうすぽぉ	1319
4816	1000000000000037459	カイザーリング	1318
4817	1100000000000052065	夏希	1316
4818	700000000000000004	ふくみみ	1315
4819	500000000000065375	スーパーマリモ	1311
4820	300000000000000611	三畳	1310
4820	1000000000000099605	Player 1007415578	1310
4822	86948	あっに	1309
4823	100000000000037168	H22A	1308
4824	400000000000000288	Nullhachi	1307
4825	1000000000000078027	タカトラ	1305
4826	1400000000000080942	sho-	1303
4827	1500000000000025692	Yuko	1298
4828	700000000000097659	サンチェス	1295
4829	900000000000082751	ありす	1293
4830	400000000000096401	ケンシロウ	1292
4831	100000000000005721	わら	1291
4832	600000000000025995	Shiro	1283
4832	1000000000000078020	オモイカネ	1283
4834	300000000000082524	ＤＡＩ（旧：るる）	1280
4835	400000000000026069	Yuki	1279
4836	2069	ひろゆき	1276
4837	500000000000036344	YaNAGI	1275
4837	1200000000000007761	セール	1275
4839	300000000000099984	いずみ	1273
4840	700000000000007526	ネリー	1272
4841	600000000000077084	クガツ	1266
4842	300000000000082615	さなやた	1265
4843	900000000000050965	ミトツ _tmdd	1264
4844	1000000000000004275	βカロチン	1263
4845	400000000000080360	Player 1004299572	1260
4846	500000000000049222	☆みっきー☆	1256
4847	800000000000082329	朱鷺	1251
4848	700000000000061133	マタタビ王	1248
4849	1000000000000030515	K(多忙ｱｸｾｽ減です)	1247
4850	900000000000044005	ほおずき	1246
4851	300000000000045728	Ino	1244
4851	400000000000037003	ユッキーP	1244
4853	1500000000000000882	あららぎ	1243
4854	300000000000013428	源蔵	1240
4855	1400000000000087985	あき	1238
4856	600000000000007827	なんぷらー	1237
4857	900000000000001554	こ	1232
4858	1100000000000001692	ぐらん（ﾘｱとﾐﾘﾏｽ優先）	1229
4859	1100000000000081322	智和	1227
4860	1500000000000007943	氷織	1226
4861	900000000000098535	ペン三	1222
4862	900000000000008665	ヤンデレ	1220
4862	1500000000000096305	o3oxx216	1220
4864	200000000000024587	ヒストグラムP	1217
4865	98481	Player 1007011488	1210
4866	400000000000076680	前衛的幼女	1209
4867	97316	shibu	1205
4868	1500000000000054166	黒蛇	1204
4869	900000000000094933	ラムシィ	1201
4870	600000000000099411	玲志	1200
4871	600000000000026568	takayy	1199
4872	1400000000000077893	リョウト	1198
4873	900000000000020197	レン	1188
4874	600000000000028184	さわやん	1183
4875	400000000000052041	nao	1182
4876	600000000000054127	泉希	1181
4877	1400000000000000474	おたおた	1180
4878	800000000000007577	ルキアス!	1179
4879	1400000000000004953	AIEN	1174
4880	1100000000000079680	クロ	1173
4881	1000000000000097325	ハルラン	1172
4882	1400000000000098300	宇練銀閣	1171
4882	1500000000000080210	もとかず	1171
4884	700000000000077562	ナマコプロ	1169
4884	1200000000000081929	マギー	1169
4886	700000000000026337	羽入＠降臨	1163
4887	200000000000100272	はしもゆ	1159
4887	1200000000000080250	pisa	1159
4889	93329	ともくん	1158
4890	1000000000000018683	闇呑	1153
4891	100000000000059326	katakataka	1149
4892	1300000000000009875	みずしま【Noir】	1144
4893	600000000000096405	エスカマリ	1143
4893	1300000000000100655	Player 1007880205	1143
4895	700000000000025008	とも	1141
4896	1500000000000015228	マサカゲ	1139
4897	1200000000000097176	黑豆	1137
4898	200000000000100360	ヘジス	1135
4898	1300000000000027512	ちゅうもん	1135
4900	1400000000000038170	やまと	1133
4901	500000000000047584	へなちさん	1131
4902	600000000000100059	skibifans	1125
4902	1000000000000096568	まどか	1125
4904	1300000000000008137	黒海	1124
4905	1100000000000094298	ムラセ・シ・マサヒロ	1122
4906	74433	chihayas	1121
4906	100000000000003640	しき	1121
4908	1500000000000003347	ナイト	1118
4909	900000000000098455	BODE	1115
4909	1300000000000056924	蒼鳥	1115
4911	700000000000034123	マフモコ文学少女	1113
4912	78027	prinecica	1111
4912	900000000000072679	ふるうちぇ	1111
4914	800000000000099152	きのこ	1109
4915	500000000000004351	依津花-yoduka*	1106
4916	400000000000072935	athena	1105
4917	100000000000008944	オーバー40	1102
4918	1500000000000033454	れんと	1098
4919	800000000000023979	S-042	1097
4919	900000000000009834	エティ	1097
4921	400000000000004674	堂本P ＠ファン数稼ぎ中	1095
4922	100000000000075915	月見兎	1094
4923	200000000000003097	たっち	1093
4923	1300000000000051653	まりも	1093
4925	500000000000001981	雨蛙on美也の手のひら	1090
4926	1100000000000007239	yuya*	1085
4927	600000000000019206	ゆめじ	1082
4928	1400000000000007349	およあえん	1081
4929	500000000000002080	さっくん	1073
4929	1500000000000053091	コバヤン	1073
4931	300000000000099896	shin	1072
4932	600000000000083547	でじこん	1071
4932	700000000000098721	れぽ太郎	1071
4934	1000000000000053027	Valkyrie	1070
4935	109	ろん	1068
4935	1500000000000005268	旅人	1068
4937	700000000000000642	ぽるナズン	1057
4938	600000000000007224	黒＠招待メール気にしないで下さいm(__)m	1055
4939	100000000000055434	かえる	1052
4940	1500000000000097806	舞姫	1050
4941	300000000000091122	月詠	1048
4941	800000000000035812	ツッチ	1048
4943	1200000000000059946	さこてぃ	1041
4944	15962	ebifly	1038
4944	100000000000003080	紅玉	1038
4944	200000000000011230	あれっくす	1038
4944	400000000000001114	sai@ラウメン募集	1038
4944	800000000000001398	ショジョP	1038
4944	800000000000086161	サト	1038
4944	1100000000000002731	hawawahawawahawawa	1038
4944	1100000000000026116	井手正太郎Ｐ	1038
4952	500000000000098103	レノン	1035
4952	600000000000061571	16回切りが出来そうな人	1035
4952	800000000000022692	Ikaros	1035
4955	1400000000000023289	ナかT@i	1034
4956	500000000000007912	しょうさ	1032
4956	1000000000000100439	しときち	1032
4958	1500000000000037477	Hskky	1031
4959	400000000000037728	385	1030
4960	900000000000030382	supercell	1029
4961	4899	虹の彼方	1023
4962	200000000000010662	くろひ	1022
4962	300000000000004005	teyari	1022
4962	1100000000000070989	みっちん	1022
4965	1300000000000075405	とも	1021
4966	500000000000100220	Player 1007852021	1020
4966	1200000000000042791	マエハ	1020
4968	400000000000012260	あすまん	1019
4969	1500000000000076666	Yuna	1017
4970	800000000000097514	colonel	1015
4971	1000000000000083423	lc42	1012
4972	60107	長峰つかさ(リア事情で基本不在月に何回かならフラりと現れるかも)	1007
4972	800000000000008900	叔夷	1007
4974	1400000000000001708	アリアス	1003
4975	900000000000010248	わろし	1002
4976	800000000000014121	まかにゃ	998
4977	700000000000073916	九五式（旧名ころちー）	996
4977	1400000000000088678	mayashi	996
4979	1200000000000097714	まっちゃ	995
4980	400000000000099611	Jing-Kai	994
4981	1500000000000004895	えり＠もこ	993
4982	400000000000097190	Nono@-P	992
4983	97763	ふくろう	990
4984	600000000000003642	風葉　	986
4984	1000000000000095449	うみさん	986
4986	300000000000052789	はいね	985
4987	500000000000074499	Bee8	983
4988	1100000000000097661	ぱるる	981
4989	900000000000086661	ふっく～	980
4990	1500000000000033010	故障博士	979
4991	100000000000016763	Ben	975
4991	900000000000050100	こゆり	975
4991	1000000000000007335	AWACS	975
4991	1300000000000039693	Takao	975
4995	300000000000001020	ないさー･ルージュ	973
4995	700000000000005118	なつ	973
4997	1500000000000009292	隼☆魂	972
4998	700000000000026853	やんちゃ(モン友募集中)	969
4999	500000000000097231	ゆりか	968
5000	75624	らん	966
5000	1100000000000013141	×昌幸	966
5002	600000000000022788	雷王華	965
5003	100000000000095229	もち	963
5004	1500000000000030747	代理人	962
5005	900000000000085114	穿兎	961
5006	900000000000096730	みやこ	960
5007	6021	モノラル	955
5008	100000000000080383	DELTA	953
5009	500000000000059488	Makinari	952
5009	1300000000000048973	今までありがとう。	952
5011	700000000000026726	ぱからん＠まいぺ～す(/o＼)	951
5012	800000000000003980	てらてら	949
5012	1200000000000014723	鈴	949
5014	1400000000000003563	あまさ	946
5015	500000000000028704	ますお	945
5016	300000000000092901	みねこ	941
5017	500000000000080035	sword	940
5017	1400000000000096565	9ru3	940
5019	90088	takunefuko	939
5019	300000000000057981	miwo	939
5021	200000000000022279	バンちゃん	938
5022	45835	すりつり	936
5022	200000000000012135	十凍京(某所では天道総護)	936
5024	400000000000048286	はたかお@	935
5025	100000000000073129	chacha	930
5025	400000000000099036	ﾄﾛﾜ	930
5025	700000000000053506	ざわざわ	930
5028	700000000000073713	藤 時々 おらんじーな	928
5029	400000000000020634	かつみ	925
5030	800000000000098741	ヒラベルト	918
5031	700000000000097399	うなちか	915
5031	900000000000072831	グラム	915
5031	1100000000000045153	八重波	915
5034	1400000000000100535	囲炉裏	913
5034	1500000000000091175	Air	913
5036	200000000000059578	LOG	912
5036	400000000000034238	そら	912
5038	300000000000066209	まろんちゃん	911
5038	1300000000000002953	なおP	911
5040	500000000000033778	濃厚	910
5041	100000000000002017	magic アクションゲーマーレベル2	909
5042	200000000000001611	るなぱんだ321@まったりのため要請△&コメ抜け陳謝ですm(_ _)m	900
5042	1000000000000098113	じゅうたん	900
5042	1300000000000088428	歌音	900
5042	1400000000000056690	ざぶとそ	900
5046	800000000000054442	Wohagi	899
5047	200000000000039933	村上文緒	898
5047	1500000000000078869	まあまたけ	898
5049	200000000000085955	あとむ	897
5050	100000000000017188	ポチョムー	893
5050	200000000000003430	1千	893
5052	700000000000003376	Mia San Mia	891
5052	1200000000000004380	すず	891
5054	500000000000075280	かきゅーしゃ	889
5054	1500000000000058619	パンナコッタ	889
5056	400000000000096876	Ben Yau	888
5057	1300000000000095357	a3930032	886
5058	800000000000005769	零崎	884
5059	400000000000004890	ｱﾙﾌｧﾙﾌｧζ	883
5060	600000000000003329	神話Ｐ	882
5061	200000000000074894	エルシオン	880
5061	300000000000053033	よぞら	880
5063	300000000000043150	にゃおぬあ	876
5063	1500000000000017231	かべばしりP@2dx_MENMEL	876
5065	300000000000006653	みゅスカで	875
5066	800000000000079761	みのり	874
5066	1500000000000000682	達之信	874
5068	58883	kana	871
5069	1200000000000085273	はーごん	870
5070	200000000000072649	ゆん	868
5071	400000000000097355	hato	866
5071	1500000000000009311	翠がめ	866
5073	800000000000074685	Raven72	865
5074	1000000000000098521	ばーさん	864
5075	500000000000053235	そげぶ	860
5075	1100000000000050394	れみす	860
5077	600000000000003433	February	859
5078	1400000000000004936	さなっぺ	858
5079	500000000000062064	稔	857
5080	400000000000076435	ながと	855
5080	700000000000037547	くりーん	855
5082	1300000000000097403	しーま	854
5083	25636	マージ	853
5083	1000000000000000047	ジョン・慎次郎	853
5085	500000000000082312	銀河	851
5085	700000000000002967	カワウソ	851
5087	300000000000002048	ユーさん	850
5088	400000000000077847	moriturus	847
5089	3435	ＦＷ	846
5089	1300000000000056208	マーティー	846
5091	600000000000015220	シェリー＠ラウメン募集中	844
5092	1400000000000065068	Player 1002081262	843
5093	100000000000025949	りん	842
5093	700000000000100144	直輝	842
5095	800000000000031075	ズミ	841
5095	1300000000000011297	とろろ	841
5097	1500000000000032276	Naomi	838
5098	600000000000007037	ＨＡＲＵ	834
5098	700000000000097206	くたばれＰ	834
5098	1300000000000061743	†はｰﾀﾝ†お仲間さんに感謝＼(^o^)／	834
5101	1100000000000099574	ごめす	833
5101	1300000000000028716	ぽれ	833
5103	200000000000057002	BLB	831
5103	600000000000056810	ウェザー	831
5103	1000000000000023288	キムﾍ( ＊´ｖ`＊ﾍ)))～	831
5106	1500000000000005315	ｱｫ	829
5107	700000000000096062	Ukyo 女装ちぅ	828
5108	800000000000002510	たかぼー	827
5109	800000000000013011	うまぽん	825
5109	1200000000000026428	論者	825
5111	1400000000000075315	N.N.	824
5112	800000000000051970	ジョニー	823
5112	1500000000000022506	和人	823
5114	500000000000043918	えるこんどる OFF	818
5115	300000000000033654	風鳴	816
5116	900000000000046917	くになが	815
5117	600000000000051914	fon	814
5118	400000000000055939	名無しさん	813
5119	1200000000000028160	たくつ	812
5119	1500000000000004857	那粋	812
5121	800000000000002672	ジャンボ	811
5122	83872	LANGTAL	808
5122	1400000000000038970	青い団子	808
5124	800000000000000453	ミナトん	807
5124	1400000000000097437	カヴタロ@無言同僚募集	807
5126	300000000000096783	￥_￥	804
5126	700000000000003151	DRADRA	804
5128	1200000000000038472	くるぶし	803
5129	400000000000014044	端月	802
5130	700000000000085813	ジム	799
5130	1100000000000038052	ohon	799
5132	100000000000017690	muggy	798
5132	200000000000091555	Player 1005621506	798
5132	1000000000000085757	あばば	798
5135	900000000000009488	かきさん	797
5136	1000000000000049505	いにゃもり	796
5137	83918	ひろし	793
5138	500000000000056811	八神 零	792
5139	200000000000099032	ヅんヂン	791
5140	700000000000011689	のーしー	788
5140	1100000000000027467	トウシロウ	788
5140	1400000000000085736	こすを@踏み台	788
5143	700000000000076706	てりやきごりら	786
5144	1400000000000004707	うな	783
5145	1500000000000002473	凡人	779
5146	15476	ガナドール	778
5146	1400000000000028211	吉井明久	778
5148	800000000000078609	rotio	773
5149	100000000000081072	ライズ	772
5150	17282	長野マン	771
5151	1300000000000026613	たけし	770
5152	50039	あとら	769
5153	1300000000000072335	フェルス	768
5154	700000000000002768	バロンザモッチィ	767
5155	900000000000025920	ジュニア	766
5156	1200000000000098885	カロリーメイト	765
5157	400000000000096235	やさこ  反応高めの時間プロフに記載	762
5158	1400000000000099980	はいちん	761
5159	100000000000046714	酢橘	759
5159	200000000000002318	タカトシ	759
5159	1500000000000050458	wer０１２	759
5162	700000000000076214	あきひろ	758
5163	100000000000087330	初心者	757
5164	500000000000006223	サブロー	756
5164	1000000000000037344	TOMO	756
5164	1200000000000099559	Player 1007742860	756
5167	300000000000007373	ふろん	755
5168	200000000000038574	ユリカ	754
5168	300000000000000296	オウヤ	754
5170	300000000000098414	kazryun	752
5171	600000000000004932	灰色の虹	751
5172	400000000000007792	ちゃばね	750
5172	900000000000076248	Yasu	750
5172	1100000000000049464	デッキ	750
5175	900000000000002277	おうどん	749
5176	700000000000019107	おみやさん	748
5176	1200000000000054707	松音さん	748
5178	500000000000075234	Ioris	744
5178	1100000000000087074	頼允康	744
5178	1400000000000057103	まぁ	744
5181	1400000000000009954	たこちゃん	743
5182	900000000000066021	ルナちょむ	742
5183	400000000000085206	あんにん	736
5183	800000000000070464	ひねもす	736
5185	1200000000000096766	カツ	735
5186	800000000000013242	はやさか@杏奈ちゃん道場	734
5186	1500000000000001174	バスター	734
5188	74236	ハセ	733
5189	800000000000016306	ナレイン☆	732
5190	200000000000001815	橘朔也	731
5191	800000000000032171	ラインナフ	730
5192	200000000000086174	アフリカンフェイロー	727
5193	400000000000009054	だんほい	725
5193	800000000000056064	HAKU	725
5195	200000000000082731	はみぅ	724
5196	87420	有坂真白	721
5196	200000000000075288	あんこ	721
5196	400000000000099881	zetton	721
5199	700000000000007693	エマ	720
5200	1300000000000087002	ニキ	718
5201	1500000000000080473	麗香P	716
5202	6072	起源	715
5203	1500000000000033923	EP-71T	714
5204	1300000000000095513	こん♪	710
5205	1100000000000098106	リョナージ	709
5206	600000000000022931	ひさだ	706
5206	600000000000032201	アペオシカ	706
5208	500000000000000471	たくやん	702
5208	500000000000031395	まーくん	702
5210	1200000000000099137	Player 1007479324	701
5211	500000000000005633	ぐぬソン	700
5212	300000000000027382	ナデヅカ	694
5212	400000000000000797	ガン	694
5214	4665	飛鳥	692
5214	28172	ハラコー	692
5214	200000000000079228	ウラタミ	692
5214	600000000000048930	カネケン	692
5214	700000000000024335	トライ	692
5214	700000000000097058	Player 1006460903	692
5214	1000000000000002626	ｋ＠ｚ	692
5214	1300000000000004129	要多	692
5214	1400000000000009342	七緒	692
5214	1500000000000000381	ヤマト	692
5224	700000000000085607	あまてら	689
5225	1500000000000003381	コウ	688
5226	700000000000029050	つる吉 ☆彡	685
5227	100000000000000423	ナシア	684
5228	800000000000056894	にゃぁ	681
5229	1100000000000057114	抹茶の人	680
5230	200000000000095233	シャーク林田	679
5230	400000000000077996	dolciadiol	679
5230	1100000000000046835	rainy	679
5233	1100000000000002063	熊鐘	678
5234	300000000000050921	オヤンズ	675
5234	1100000000000001009	しも	675
5234	1100000000000021253	km	675
5234	1200000000000087535	765&346	675
5238	200000000000100386	よすみ	674
5238	1500000000000043237	なかみはら	674
5240	300000000000099825	Player 1005802163	671
5241	800000000000098353	春野菜	669
5242	500000000000054899	コウスケ	666
5243	600000000000000344	長月	664
5243	1500000000000006151	マサラ	664
5245	9925	クマデ	662
5245	200000000000083783	わだつみ	662
5245	1200000000000099861	取得できませんでした	662
5248	900000000000031593	えんび	660
5249	200000000000026247	土井たか子	659
5249	300000000000003296	ごりぞう	659
5251	1400000000000081179	ムク	658
5252	1100000000000035661	だんご	656
5253	400000000000057295	bobbierob	655
5254	1000000000000086041	みぃ	654
5255	600000000000096436	おやつ	652
5256	300000000000003276	ヒラリー	651
5256	1400000000000030523	ｵｰﾉ	651
5258	600000000000093770	もりん	646
5259	500000000000000055	らねこ	645
5260	700000000000000623	創夜	642
5261	300000000000056973	こーぎー	641
5261	400000000000062700	アキ	641
5261	800000000000099672	KaisarK	641
5264	383	肉塊	640
5264	500000000000002714	リンゴ酢大好き	640
5266	100000000000097502	Player 1006721825	638
5267	75142	セッツァー	636
5268	400000000000086249	トレイントレイン	635
5269	800000000000005232	ｼｪｵﾙ	634
5270	100000000000004594	You	631
5270	700000000000013261	レスＱ	631
5272	700000000000001000	たきのちゃや	630
5273	2059	〆	626
5273	500000000000095998	アウェイ	626
5273	1000000000000000099	ふぁたりん	626
5276	1100000000000004552	スコール	624
5277	400000000000046872	とも	623
5278	800000000000026150	みぅ	622
5278	1200000000000000894	コヲタ	622
5278	1500000000000097306	二階堂紅丸と神楽千鶴、合わせて二階堂千鶴	622
5281	300000000000099714	Player 1007747539	618
5282	1500000000000006987	ケセラセラ	617
5283	29228	あきら	615
5283	1500000000000100249	WhiteAlbum	615
5285	82365	AKIRA047	611
5285	300000000000012812	サーシャ	611
5285	300000000000027179	GReeeeN★ﾚﾝｼﾞｬｰ	611
5285	500000000000082241	さかまた	611
5285	700000000000100569	あ	611
5285	1500000000000006599	流星	611
5291	600000000000045016	ワタ	609
5292	1300000000000049901	さいふぁ３世	608
5292	1300000000000075332	セピア	608
5294	300000000000077375	みいこ	606
5295	1400000000000056414	Mr.67	605
5295	1500000000000005055	debo	605
5297	5932	まいける	604
5297	800000000000099822	Player 1007872712	604
5299	700000000000036603	鶏肉	602
5299	1400000000000004628	野原＠千早貯金中求)千早のみ出)他HN	602
5301	1500000000000037685	rooney	601
5302	200000000000099775	Player 1007429762	600
5302	400000000000001543	おつみ	600
5302	500000000000096651	うらら	600
5302	1200000000000099519	ZinnrotRitter	600
5306	800000000000079860	ライト	599
5307	1500000000000080165	ぞねたん	596
5308	1100000000000050519	しお	594
5309	1200000000000004017	knk	591
5310	900000000000000014	はんちぇん	589
5310	1200000000000078843	T	589
5310	1500000000000004378	macha	589
5313	100000000000035987	ﾐﾔ	586
5314	800000000000065198	姫宮良真	583
5315	400000000000096075	gios	573
5315	600000000000083738	Player 1004818454	573
5317	1500000000000008606	HDeeeeee	572
5318	100000000000007139	ドビー	571
5318	1100000000000010017	ルイ	571
5320	600000000000083115	ケイティー	570
5321	500000000000006671	マサカズ	568
5322	1400000000000055553	おでん缶2nd	566
5323	500000000000014103	ヾ(⌒(ﾉ'ω')ﾉ	561
5323	1300000000000051304	ぢゅん＠蹴られたいＰ	561
5325	200000000000083819	アムザ	557
5325	700000000000098127	ケセラセラ	557
5327	500000000000085071	hide521	555
5328	5039	からはい	553
5329	500000000000014763	SP白兎	552
5329	1500000000000049079	sasataku	552
5331	1200000000000073758	りょういち	550
5332	600000000000001878	鮭＠捕獲中	545
5333	73860	名賀	543
5334	1500000000000060124	Carmen	540
5335	900000000000094311	Histoire	538
5336	200000000000100238	ありす	536
5336	1200000000000079957	りゅか氏	536
5338	100000000000100040	Player 1007738177	533
5339	1100000000000003219	ヤス	528
5340	600000000000034450	tanaka氏	526
5340	1200000000000085302	未知生	526
5342	400000000000075653	りさ	525
5342	500000000000091559	ぱねる	525
5342	600000000000036929	essen	525
5342	700000000000035788	ヴェルカ	525
5342	1100000000000008398	げんだい	525
5342	1200000000000027342	仙堂	525
5342	1400000000000014287	百舌	525
5349	100000000000088431	友子	523
5350	500000000000100339	みい	520
5351	200000000000079242	leeb3397	516
5352	1200000000000091056	小林	513
5352	1400000000000080186	しらたま	513
5354	200000000000032168	ＴくんＰ	512
5354	600000000000078365	ドルべ	512
5356	300000000000081912	20thboys	507
5357	800000000000039220	にっく	504
5358	500000000000018530	ななさ	503
5359	700000000000050756	grepei	502
5360	900000000000053576	ドラゴン	501
5361	500000000000096718	O-:K	500
5362	500000000000053524	お～の@雪歩親衛隊	498
5363	800000000000097228	木村佳月	496
5364	800000000000001369	JACK	495
5365	1200000000000028318	釈迦べてぃ♂	488
5366	400000000000095994	スラきん	485
5367	700000000000080795	約束	483
5368	200000000000002905	ヲタ	478
5369	800000000000096016	なの	476
5370	1400000000000100037	ほん	473
5371	1100000000000038718	ヒノケン	472
5372	200000000000033624	まるおくん	471
5372	1300000000000074568	梓羽	471
5374	600000000000021990	神代よど	469
5374	600000000000098410	natti0721	469
5374	700000000000002184	バージョンアップ	469
5377	100000000000076935	ツリーダイア	468
5377	200000000000027703	時雨桜＠レミラーマP	468
5379	900000000000008338	おれお	466
5380	900000000000098848	ナット	465
5381	1200000000000006238	しん	464
5382	100000000000014355	☆iM@S☆	460
5383	800000000000037841	ことり	456
5383	1100000000000037247	shell	456
5385	600000000000059197	めっき	455
5386	600000000000069146	レオP@サブ垢	454
5386	1200000000000099688	akagen	454
5388	500000000000096886	りゅーおー	453
5388	800000000000075293	ナイロンフェルト	453
5390	200000000000094187	さとし	452
5390	300000000000007790	あず	452
5392	29285	猫田専務	450
5392	200000000000087431	クロ.クロ	450
5392	200000000000100516	KarenHojos	450
5392	500000000000039401	りゅうしょう	450
5392	1300000000000056886	yabsty	450
5392	1500000000000007189	くろいち	450
5398	900000000000099982	Player 1007910201	449
5399	900000000000006944	ドジッコ (仕事中は、さぼります!!)	447
5400	200000000000075742	しらが	444
5400	700000000000002073	Night	444
5402	1000000000000013792	たろった	442
5403	800000000000093175	カナデ	438
5403	1100000000000079615	plum	438
5405	1200000000000055254	ニック	437
5406	500000000000080936	トーマス	436
5407	1000000000000098129	ゆうちぃん	431
5408	600000000000096236	きつねさん	427
5409	1200000000000075864	Supiotu	421
5409	1500000000000049757	十六夜	421
5411	900000000000036144	クーイ	414
5412	900000000000082867	銀子	412
5413	1300000000000099874	@ZLR12	411
5413	1400000000000097568	ヤンまた	411
5415	300000000000057428	Yuki	408
5416	1000000000000098441	コザクラ	407
5417	900000000000052167	MiMi	405
5417	1500000000000096480	ピーマソ	405
5419	1300000000000005275	jesの空	403
5420	1000000000000081447	Yuki Enokiya	400
5420	1500000000000071448	Blues@ラウメン募集中	400
5422	700000000000004953	四糸乃	398
5422	1200000000000073793	ゆきち	398
5424	700000000000003470	もーみ	397
5425	100000000000099192	えいく	395
5425	700000000000058463	アルターエゴ	395
5427	500000000000037120	誠	391
5427	1500000000000042851	青バラ	391
5429	800000000000017775	よし（激務のため、オフ多くなります(;_;)	390
5430	200000000000100534	ユリコン	386
5431	500000000000009192	sf	384
5431	600000000000025239	feng☆	384
5433	800000000000008136	赤毛の民	383
5434	100000000000097044	アッシュ	382
5435	1200000000000097754	ボルフォッグ	381
5435	1500000000000100171	Player 1007856543	381
5437	300000000000096740	ちせぇ	378
5437	400000000000096391	つの	378
5437	700000000000010069	怜@ゲーム復活	378
5440	500000000000013128	Croustine	376
5441	96495	ソフテニマン	375
5441	200000000000098151	ポジティブ	375
5441	500000000000083743	やま	375
5441	700000000000000111	カンバラ	375
5441	700000000000073635	46-siro-	375
5441	800000000000002271	ひが	375
5441	900000000000099876	Player 1007850585	375
5441	1000000000000054729	みつにし	375
5441	1100000000000010016	おっとせい	375
5441	1400000000000092369	drkang2004	375
5441	1500000000000014332	kmw	375
5452	500000000000084544	ヤス	372
5453	600000000000078532	たく	370
5453	1400000000000057445	あなたの心になごビーム	370
5455	500000000000100311	まよねーず	369
5456	500000000000083680	tkm	367
5457	100000000000031592	くろくろ	365
5458	1200000000000045818	青春にかけて	364
5459	300000000000073313	しのうじ	362
5459	400000000000001436	ヤマトＰ	362
5459	600000000000004076	シアン	362
5462	600000000000000175	ざんにょー	359
5462	800000000000050546	焼きナス	359
5464	1500000000000012323	ソラ	358
5464	1500000000000087801	Player 1005415263	358
5466	1400000000000075245	にくてん	357
5467	700000000000096715	ベーコン	356
5468	700000000000081048	くう	353
5468	1400000000000096624	宇鷹	353
5470	100000000000046960	けん	352
5471	500000000000099316	高町瑞穂	351
5471	800000000000001964	やすおさん	351
5473	1300000000000099153	アルフォート	349
5474	300000000000004217	ルーカス	347
5474	500000000000096447	ろっく	347
5474	1500000000000048665	モモタロス	347
5477	11990	エアフィー	346
5477	100000000000051424	miori	346
5477	200000000000000599	黒猫岩(招待は無視して下さい)	346
5477	200000000000008995	単芝	346
5477	200000000000016077	月爛	346
5477	200000000000096865	時々眼鏡	346
5477	200000000000099763	ぴにゃ@招待無視お願いします。	346
5477	300000000000005218	コータ	346
5477	400000000000013818	からあげ棒	346
5477	400000000000037379	なべ太郎	346
5477	500000000000052650	エジプト	346
5477	500000000000057989	フー	346
5477	500000000000061629	霧桜	346
5477	500000000000070557	lst	346
5477	600000000000052951	グレンリベット	346
5477	600000000000099133	ぼぢ	346
5477	700000000000001327	ｼﾞｪｲ:ﾊﾟｽｶﾙふりすた命	346
5477	700000000000001345	チェニリッジ	346
5477	700000000000006978	冬歌◎少しずつ復帰	346
5477	700000000000024042	すたろーん	346
5477	700000000000026778	惡梦丞	346
5477	700000000000051435	アユム	346
5477	800000000000005246	ﾀｶﾔ	346
5477	800000000000006642	ｳﾞｧｼｭｰﾑ	346
5477	800000000000010747	はっしー	346
5477	800000000000011666	ARD	346
5477	800000000000037133	スターライト	346
5477	800000000000081450	フーガ	346
5477	800000000000099730	シュウ	346
5477	900000000000004488	リュウキ	346
5477	900000000000015404	じゃんぼMAX	346
5477	900000000000038930	聖さん	346
5477	1000000000000039067	Ex-s	346
5477	1000000000000051729	羽田	346
5477	1000000000000057163	namaken	346
5477	1000000000000095100	紅芋ころっけ	346
5477	1000000000000097092	鷹綾	346
5477	1000000000000099789	DAIdai	346
5477	1000000000000099963	リン	346
5477	1100000000000086309	海苔	346
5477	1100000000000099530	らいな	346
5477	1200000000000003368	スイクン	346
5477	1200000000000099710	Player 1007824620	346
5477	1300000000000052295	ぎょくろ	346
5477	1300000000000062641	もんぷち	346
5477	1300000000000073336	Player 1002572093	346
5477	1300000000000081402	Saika(招待メール無視してください)	346
5477	1300000000000081904	出雲	346
5477	1400000000000015599	ゴンザレス	346
5477	1400000000000087447	沃	346
5527	400000000000099451	Player 1007543636	343
5527	1400000000000077705	ウッシー	343
5529	1100000000000099696	はちみつ	341
5530	500000000000097089	sacchi0115	339
5531	700000000000083705	ぱさーと	335
5532	200000000000032756	イスカ	334
5533	1200000000000076065	KATSU	332
5534	1500000000000081484	tetuv1	328
5535	1300000000000097540	ふぇるま	327
5536	800000000000080843	Player 1004450440	325
5537	200000000000051872	ノッサボッサ	324
5537	300000000000007349	むてこな	324
5537	400000000000045629	マシュマロ	324
5537	1200000000000018335	ゆう	324
5537	1200000000000050239	うぇーい	324
5542	500000000000099721	T-765	322
5543	800000000000099448	如月純羽	321
5543	1100000000000000644	双樹	321
5545	400000000000084681	風の精霊騎士	320
5545	500000000000074828	けあれすみす	320
5547	500000000000097744	アレン１５	318
5548	200000000000073936	ゆな	317
5549	1200000000000077731	白桜	316
5550	400000000000057307	Nana	315
5551	1500000000000100282	雛乃	313
5552	98989	takaR34	312
5552	1500000000000051074	しゃっぷる	312
5554	200000000000100615	Player 1007883058	309
5554	600000000000006146	VESPER	309
5554	1300000000000081007	KSK	309
5554	1500000000000096455	ちぇすこ	309
5558	1400000000000025729	キザリン	307
5559	100000000000085518	ぬえ	306
5559	300000000000098002	にゃお	306
5561	900000000000078053	三鷹仁	305
5562	1100000000000008337	メンマ	303
5562	1200000000000087836	しろ	303
5564	1927	杏＠まぁく	300
5564	24028	e-prophet(いーぷろP)@ミリオン3rd幕張初日	300
5564	700000000000005561	Snuki	300
5564	800000000000028591	ころん	300
5564	1300000000000004980	マコムロ	300
5564	1300000000000062178	lami	300
5564	1400000000000052624	もんた	300
5571	300000000000083657	カッキ	297
5572	700000000000087418	るる	296
5573	1400000000000051351	アーバンカウボーイ	294
5573	1500000000000051071	ひざ	294
5575	15287	tomoaki	292
5575	900000000000082619	薫羽さくら	292
5577	800000000000015773	しるふぃ	290
5578	81303	青蟹	289
5579	500000000000002935	MP935T	288
5579	1200000000000051440	MoonDrop	288
5581	1500000000000100221	鯖缶	286
5582	500000000000051632	ぼっちゃま	282
5583	1200000000000058671	珀	281
5584	400000000000017682	ゴードン	280
5584	1500000000000097213	そろるね	280
5586	1000000000000100266	K.T.	278
5587	400000000000099244	ドゥーベ	275
5587	1500000000000093762	Player 1005944895	275
5589	800000000000007707	コッペパン	273
5589	1000000000000022279	my8612	273
5591	100000000000007362	げじごろう	272
5591	1000000000000027013	らんまる＆ぱーる	272
5593	200000000000049003	♪ぷっち☆	270
5593	900000000000010607	云鬼	270
5595	91292	レタス	268
5595	700000000000046136	forフルバ	268
5597	400000000000098762	陳柏穎	267
5597	1100000000000099758	ス	267
5599	400000000000099464	IKU	266
5600	700000000000027671	へもぐろびん	265
5601	100000000000096247	Player 1006337345	263
5601	1200000000000050769	たろー	263
5603	500000000000006338	ナオコ  しばらく放置します!!しばらく休止します!!ごめんなさい!!	260
5604	1400000000000002476	m0t0y@su	258
5605	97368	杏果	256
5606	33532	Aki	255
5607	1100000000000081966	エリ	254
5608	600000000000062018	板尾	253
5609	500000000000000264	ksk	251
5609	1300000000000100345	Player 1007710989	251
5611	600000000000091197	タイトークボ	249
5612	900000000000096409	gaga	244
5613	100000000000099310	劉脩	241
5613	500000000000100315	ミレーびすけっと	241
5615	300000000000024112	ぴーす	240
5615	600000000000055677	羊毛-wool-	240
5615	700000000000000988	ごご	240
5615	1500000000000032538	taku.omi	240
5619	300000000000046822	ネアンデル	236
5620	78959	あたご	232
5621	99452	むりゅう	231
5622	100000000000097821	キハク	230
5622	600000000000098230	超竜神	230
5624	400000000000020388	のりぴー	229
5624	900000000000007042	めがねこ	229
5626	99091	Player 1007203488	228
5627	300000000000004810	tatfg3	226
5627	400000000000099868	Player 1007809444	226
5629	280	ウィズ	225
5629	100446	オル	225
5629	100000000000081321	DANGER	225
5629	200000000000078255	散落の果殻	225
5629	300000000000092859	モシキ	225
5629	400000000000100038	Player 1007895988	225
5629	500000000000006332	トウヤ	225
5629	700000000000074033	トキワ	225
5629	700000000000085364	nob238	225
5629	700000000000098885	Player 1007078647	225
5629	900000000000067783	リージ	225
5629	900000000000099133	シートル	225
5629	1200000000000028419	いえっさ	225
5629	1300000000000077820	yosshan	225
5629	1400000000000097014	灯里	225
5629	1500000000000010743	バルト	225
5645	800000000000096100	Joojegal	224
5646	34968	いりゆい	223
5646	1500000000000041910	サカタン☆再開しました！	223
5648	200000000000091267	shu539	222
5648	1400000000000002707	迷	222
5650	600000000000015969	しげと	217
5651	1100000000000002490	梛誼	216
5652	800000000000022044	たこやき	215
5653	600000000000096283	黒魔術師エミリア	214
5654	1100000000000097403	鉛筆キャップ	213
5654	1400000000000100554	雨戸	213
5656	600000000000002378	ＯＸＹ	212
5657	1200000000000098714	Player 1007253692	210
5658	1000000000000086794	もっつ	208
5659	700000000000085110	鳳龍	207
5660	1300000000000004233	たまこん	206
5660	1400000000000053301	れな	206
5662	1100000000000019414	サダ＝マサシ	203
5663	200000000000075254	くるっぽー	200
5664	1100000000000023978	すみか	199
5665	1500000000000002562	やま	198
5666	600000000000035787	kuon'	197
5666	1000000000000003796	安土	197
5668	1200000000000099818	霧雨双魔	194
5669	1500000000000004967	ファントム	192
5670	200000000000099530	はすんこ	191
5670	1200000000000099842	わいけー	191
5672	400000000000085513	うどん	190
5673	400000000000026592	アセハン	187
5674	300000000000098482	Player 1007171043	186
5675	200000000000099999	こたつ	184
5675	1000000000000099687	キサラギ	184
5677	300000000000078489	平賀名	183
5677	300000000000079506	Player 1004139475	183
5677	400000000000098181	はしくれ	183
5680	700000000000100652	Player 1007868135	182
5680	1500000000000096944	にっしー	182
5682	100000000000099121	魚肉ソーセージ～↑	181
5682	400000000000009249	ぺこち	181
5684	400000000000000161	香味焙煎	180
5684	500000000000011789	みなみ	180
5684	800000000000091623	Player 1005704888	180
5684	1300000000000020582	しえる	180
5688	300000000000096131	もろこし丸	179
5689	600000000000052171	RankaMF	178
5689	900000000000092974	Player 1005817513	178
5691	13768	みゆみゆ♪	177
5691	1200000000000004656	たつや	177
5693	1400000000000028374	yskmg30	173
5694	100000000000034232	草野葉月	172
5694	1200000000000098105	Player 1007075884	172
5696	22546	ノデミチ	170
5696	1400000000000011505	shyoo	170
5698	400000000000059298	狂三	169
5699	52932	765	168
5699	300000000000096819	のーと	168
5699	700000000000087097	futoufukutu	168
5702	1400000000000097796	ツナ	167
5703	400000000000074688	ひげがえる	164
5704	100000000000098643	夏閣下	163
5704	500000000000098176	kaname	163
5706	400000000000100048	Player 1007905108	162
5707	200000000000004179	S-A-T	160
5708	900000000000097321	瀬田	159
5709	300000000000078490	ナニッタ	156
5709	600000000000032223	ロード	156
5711	500000000000053981	サンペ	154
5712	700000000000100688	Player 1007891319	153
5712	800000000000089538	Satopyon(@￣ρ￣@)	153
5714	100000000000000566	たかはた	152
5715	500000000000038357	ヒロ	151
5716	57597	アキ	150
5716	100000000000014054	黒令    :行動は蝸牛	150
5716	200000000000023284	シフォン	150
5716	200000000000092412	緋色	150
5716	300000000000087437	ぺー	150
5716	400000000000000956	みりん	150
5716	500000000000094267	ロボ	150
5716	700000000000043303	はちみつクマ	150
5716	800000000000001685	kayak	150
5716	1100000000000000926	テツ	150
5716	1200000000000010873	嶌田	150
5716	1200000000000045814	ウルトラバン	150
5716	1400000000000002268	きさ空○要請△～×	150
5716	1400000000000006429	fatrap	150
5716	1400000000000077488	たちゅー	150
5716	1400000000000099743	もち	150
5732	100000000000083635	є(･Θ･｡)э	149
5732	200000000000000473	プレミア	149
5732	1200000000000052184	みかひ	149
5735	200000000000088095	ノア	148
5736	400000000000003028	ジュンヤ	143
5736	1100000000000021596	おのや	143
5736	1500000000000080511	Σ隊長	143
5739	700000000000020541	ガニヤ、桃色師団11番隊平社員	141
5740	200000000000099984	銀河旋風ブライガー	140
5741	1500000000000097955	みすと	139
5742	1200000000000080161	シエル	138
5743	500000000000020961	みきてぃ	137
5743	700000000000100743	Player 1007923783	137
5745	700000000000097368	まっく	131
5746	300000000000009488	紅蓮	129
5746	1000000000000099300	Player 1007269866	129
5748	400000000000099499	Player 1007579524	127
5749	100242	FaceGyan	126
5749	100000000000100193	vivian	126
5751	800000000000097131	インヴァース	124
5751	1000000000000036667	信州	124
5753	200000000000077120	王国民	120
5753	1500000000000011928	ヒロ@王国民	120
5755	200000000000050397	フィメル	118
5755	400000000000099734	みや	118
5755	700000000000098331	たいちん	118
5755	1200000000000099925	うるふ	118
5759	700000000000085536	かっつん	117
5759	1200000000000099873	Kio	117
5761	1100000000000002445	アケチ	116
5761	1500000000000098656	かてぃー	116
5763	900000000000094737	つよし	115
5764	1200000000000028530	蘭子	109
5765	500000000000082361	motty	108
5766	400000000000099261	Player 1007436196	106
5766	1500000000000059949	十六夜	106
5768	1200000000000084988	マリノ	104
5769	300000000000099998	maka	103
5769	1300000000000015709	tarow	103
5771	100000000000023419	やよい	102
5771	400000000000074746	マリナックマ	102
5771	1000000000000077065	ミキ	102
5774	400000000000099910	春日	100
5775	1100000000000037095	なしヨシ	97
5776	1000000000000099528	廉	96
5777	500000000000100265	Player 1007874005	95
5777	1100000000000026804	ビシャス	95
5777	1300000000000088532	ケーキ	95
5780	500000000000094761	ノンマルト	94
5781	1200000000000018184	おさみ	93
5782	500000000000008352	座敷わらし	91
5783	1300000000000085499	星道	89
5784	1100000000000078131	SeSiA	87
5785	500000000000084742	saku	86
5786	1000000000000095228	pinokuru	85
5786	1400000000000081096	Rod	85
5788	400000000000096126	しげ	84
5788	1000000000000046166	ゲーニッツ	84
5788	1400000000000087252	ビーバー	84
5791	500000000000043447	HIBIKI	83
5791	1300000000000026719	黒澤	83
5793	200000000000099271	梨	82
5793	800000000000025484	こっすぃー	82
5795	500000000000100104	Player 1007793573	81
5795	700000000000061011	あぽろん	81
5797	400000000000094491	ゆんたん	80
5798	1100000000000055846	宿儺	78
5798	1200000000000008611	冬雪	78
5800	1000000000000096700	黒井猫	77
5801	100000000000053037	サユ	76
5801	1500000000000079967	自宅警備員	76
5803	100000000000039428	Ayame_Hazuki	75
5803	100000000000100175	yazurai	75
5803	300000000000050655	きな	75
5803	300000000000078861	抹茶	75
5803	500000000000094074	和敏祐	75
5803	500000000000099713	Player 1007548213	75
5803	600000000000028258	綺沙羅(いろいろ放置中)	75
5803	600000000000099486	桜もち	75
5803	700000000000099002	Rossweisse	75
5803	700000000000100692	Player 1007893495	75
5803	800000000000040695	ジャスミン	75
5803	1100000000000006411	朱染亞愛	75
5803	1100000000000098159	Player 1007038939	75
5803	1200000000000052741	ぽすかす	75
5803	1300000000000088341	Player 1005462221	75
5803	1300000000000097974	chamaru	75
5803	1300000000000100650	アラモー	75
5803	1400000000000050395	Ｎ．Ｔ	75
5803	1400000000000098650	NBtoroy	75
5803	1500000000000000220	コウ	75
5803	1500000000000003882	rinpon	75
5803	1500000000000096648	kosho	75
5825	200000000000051118	ばんぴー	74
5825	500000000000031231	ice	74
5827	300000000000099334	穿	71
5827	700000000000081105	ごまどうふ	71
5829	1000000000000100398	月	70
5830	1000000000000020923	ステラ	68
5831	400000000000012424	しれい	67
5832	600000000000028137	カイくん	65
5833	95950	迦楼羅	64
5833	700000000000030077	ゆっきー	64
5835	500000000000000068	パラロス	62
5835	1400000000000097399	Player 1006564238	62
5835	1500000000000001951	ヨコシマ	62
5838	1400000000000002978	翔 ロッテ招待選手買い取ります！	61
5839	300000000000009371	tuna	60
5839	1300000000000082961	重騎師	60
5839	1500000000000011986	たけお	60
5839	1500000000000073318	だーまえ	60
5843	600000000000003291	みや	59
5843	1100000000000045505	ホウキ雲	59
5845	200000000000004009	やなも	58
5845	300000000000011802	マリ	58
5847	300000000000004524	北の嶺	56
5847	900000000000045647	マナたん	56
5849	200000000000034844	かどぽん	55
5850	400000000000060294	Verna	52
5850	1300000000000100077	Player 1007544205	52
5852	500000000000051323	ローピン(紫)	51
5852	1300000000000098105	kinoko	51
5854	900000000000045189	ツゥトット	50
5855	300000000000039482	東風	49
5855	400000000000000261	黒炭酸	49
5855	500000000000100107	Player 1007796117	49
5855	800000000000013250	アズール	49
5855	800000000000075719	雪乃	49
5855	1000000000000100460	yakumaru10	49
5861	400000000000068842	にけ（る）	48
5862	1400000000000026467	ショウ	46
5862	1500000000000099917	Player 1007726175	46
5864	900000000000087189	ヒダリP	45
5865	500000000000100362	にら	44
5865	1200000000000099908	あ	44
5865	1400000000000097240	onion	44
5868	1100000000000003656	とよ	43
5869	400000000000099831	Player 1007787684	42
5869	900000000000099996	Hal	42
5869	1500000000000048007	ヨッシー	42
5872	600000000000075915	としひら	41
5872	900000000000098947	cocoa^ω^	41
5872	1000000000000095245	Player 1006189034	41
5875	700000000000080204	キイナ	40
5875	800000000000028396	ask03	40
5875	900000000000098186	Player 1007069001	40
5878	100000000000001193	ぺろり	39
5878	300000000000099683	Player 1007726451	39
5878	400000000000001915	奄空	39
5881	800000000000004411	溢れるらぁめん	38
5882	100135	しぃぃ	36
5883	27703	くりちゃん	35
5883	59700	ぽぽ	35
5883	200000000000015657	あらっきー	35
5883	700000000000098527	ユーリィ	35
5883	900000000000056223	白圭	35
5888	100439	Player 1007918944	34
5888	1200000000000023835	椎名紫乃	34
5888	1200000000000099410	零幽	34
5891	73782	炭水化物P	33
5891	500000000000100317	Player 1007905637	33
5891	600000000000053409	直井	33
5894	1000000000000099484	遊兎	32
5895	400000000000044731	まんぼう(ｸﾘの飼い主は小学生)	31
5895	500000000000100183	石ころ	31
5895	600000000000077150	和	31
5898	3644	おっさんB *忙しいため無言m(_ _)m	30
5899	1500000000000099845	Player 1007679535	29
5900	800000000000091598	Player 1005697832	28
5900	1400000000000014722	くろろふぃる	28
5902	96525	おやしろ	27
5902	100000000000038556	かず	27
5902	300000000000023395	かわぐち	27
5902	600000000000099988	Player 1007812806	27
5902	1100000000000052645	Ｊ	27
5907	96117	GUNTHEKIN	26
5907	600000000000100142	Player 1007893014	26
5907	700000000000096987	わっふる	26
5907	900000000000099970	Player 1007906873	26
5911	400000000000099018	nia	24
5911	1100000000000100108	取得できませんでした	24
5911	1500000000000007874	coodellar	24
5914	700000000000077149	Player 1003513543	23
5915	500000000000050217	タルト	22
5916	300000000000096674	Strawberry	21
5916	1200000000000028285	らちお	21
5916	1300000000000100740	Player 1007934589	21
5916	1400000000000039454	キョウビ	21
5920	62567	1919	19
5920	100000000000007424	分解禁止	19
5920	400000000000099853	匿名A	19
5920	1000000000000017486	夏優璃	19
5920	1500000000000005012	ため息眼鏡	19
5925	300000000000099340	nelldrip	18
5926	100000000000004618	キリト	17
5926	300000000000001788	小泉 花陽	17
5926	600000000000026321	ぐみぞう	17
5929	100000000000079106	トマト	16
5929	900000000000023674	ＳＨＩＧＥ	16
5929	900000000000096448	保存缶	16
5932	100000000000060882	み け ね こ	15
5932	100000000000100302	かみこと	15
5932	500000000000099793	marie	15
5932	1000000000000100078	aura	15
5932	1300000000000012715	鎌架	15
5932	1400000000000000079	ムシエ	15
5938	100000000000056102	issie	14
5938	200000000000008106	くう	14
5938	600000000000031269	鏡介	14
5938	700000000000100713	Player 1007904215	14
5942	400000000000045961	れいか	13
5942	700000000000098822	さんだー	13
5942	1100000000000100135	Player 1007940347	13
5942	1200000000000099910	蓮桜 ﾚｵﾝ。	13
5942	1400000000000010516	さんさん	13
5947	500000000000003005	エビ	12
5947	1300000000000015331	ヒロ	12
5947	1500000000000100242	Player 1007894575	12
5950	1200000000000091591	バンブー	11
5951	600000000000094103	うどん粉	10
5951	1000000000000006722	るなちゃ	10
5951	1500000000000100066	まさ	10
5954	600000000000021765	kabu	9
5954	800000000000081432	剣	9
5954	1400000000000100198	Player 1007684638	9
5954	1400000000000100610	kaki	9
5954	1500000000000092967	Kyrios	9
5959	300000000000046400	佳保里	8
5959	400000000000047986	りょうた	8
5959	900000000000099892	アルト バルサキ	8
5959	1000000000000038040	ひめじたろう	8
5959	1100000000000031709	ドラ（釣りはダメ）	8
5959	1500000000000002677	よっぴぃ	8
5959	1500000000000072361	りょー	8
5966	700000000000022979	ネギトロ	7
5966	800000000000051100	黄金のコロネ	7
5966	800000000000098100	Player 1007076536	7
5966	1000000000000034713	帰ってこないNON	7
5966	1400000000000000045	エドモンド	7
5971	100404	取得できませんでした	6
5971	200000000000020351	チャン	6
5971	300000000000099968	ナラカ	6
5971	300000000000100010	Player 1007904579	6
5971	600000000000081805	ヤマダ	6
5971	600000000000100138	Player 1007560118	6
5971	600000000000100180	earth0221	6
5971	700000000000062037	缶蹴り	6
5971	700000000000072157	カイト	6
5971	800000000000053610	臥龍	6
5971	900000000000099660	Player 1007731481	6
5971	1000000000000028690	イチゴ	6
5971	1000000000000078569	うちのポチ知りませんか	6
5971	1200000000000098853	Player 1007322268	6
5971	1300000000000083061	nomi	6
5971	1300000000000088642	けみちょす	6
5971	1400000000000019782	そろぼっち	6
5971	1400000000000093496	つーじー	6
5971	1400000000000100629	Player 1007942574	6
5971	1500000000000099574	フラワー	6
5991	15996	プー＝POO	5
5991	400000000000100077	Player 1007922164	5
5991	1400000000000094957	Player 1006089374	5
5994	97795	未熟なファイター	4
5994	100000000000094996	yuta78	4
5994	200000000000052113	たるぽん	4
5994	400000000000038077	えみあ	4
5994	500000000000026374	むじな	4
5994	600000000000038708	れい	4
5994	700000000000003028	ユウナギ(ゲームは気ママに)	4
5994	800000000000033092	長月	4
5994	800000000000099875	Player 1007907080	4
5994	800000000000099904	sako	4
5994	900000000000094789	しらたき	4
5994	900000000000100021	Player 1004954009	4
5994	1100000000000100078	Player 1007896843	4
5994	1200000000000004099	てづづ	4
5994	1300000000000100749	ばぶばぶ	4
5994	1400000000000100237	紅牛	4
6010	98923	ジーク U 零	3
6010	100445	まっつん	3
6010	200000000000047001	クロ	3
6010	400000000000059569	なお	3
6010	400000000000080558	Player 1004367620	3
6010	400000000000092648	Player 1005763220	3
6010	400000000000098828	WG	3
6010	800000000000008231	けん	3
6010	900000000000099947	Player 1007894313	3
6010	1000000000000100456	Player 1007917370	3
6010	1100000000000007230	アドノゥ	3
6010	1300000000000013162	Capella-申請募集中	3
6010	1300000000000045397	やまと	3
6010	1400000000000100448	ミシル	3
6010	1400000000000100572	Player 1007899390	3
6025	1879	Kasper	2
6025	500000000000015436	山翁	2
6025	700000000000099096	MEVIUS001	2
6025	1000000000000099898	アテンザ	2
6025	1200000000000082436	たっちゃん	2
6025	1400000000000001633	ｽﾎﾟ	2
6025	1400000000000099801	銀湯匙	2
6025	1500000000000080312	かーとん☆	2
6033	12917	リンタロス	1
6033	100000000000100347	Hisoku	1
6033	200000000000075805	かのさん（さぼり気味です）	1
6033	300000000000001637	クープ	1
6033	300000000000100024	ペン	1
6033	700000000000001267	ヘリオン	1
6033	800000000000034437	アッシェ	1
6033	800000000000096724	ひっとん	1
6033	1100000000000003268	いちごたると。	1
6033	1100000000000003320	Diana	1
6033	1200000000000079855	鴻	1
6033	1500000000000001832	東大寺	1
6033	1500000000000008883	りうりう	1
6033	1500000000000082203	Player 1004652559	1
6047	62895	リュウク	0
6047	92685	すーさん	0
6047	100000000000004994	藤井	0
6047	100000000000059620	さひ	0
6047	200000000000096669	Terumi	0
6047	300000000000079883	ミツロナ	0
6047	300000000000098973	くるくるたいがー	0
6047	400000000000011515	cardgamer_D	0
6047	500000000000094701	カンジュ	0
6047	700000000000048755	まる	0
6047	700000000000087444	kuni	0
6047	700000000000099229	葉蓮P@解放出来ました!ありがとうございました!	0
6047	800000000000004278	だーいし♪	0
6047	800000000000039638	ma2	0
6047	800000000000042892	ﾔｯｸﾝPTK	0
6047	800000000000081186	うりぼう	0
6047	800000000000090545	Player 1005612344	0
6047	900000000000099377	轟	0
6047	1100000000000062667	雪坊主	0
6047	1100000000000100066	パス友	0
6047	1200000000000099603	Player 1007767340	0
6047	1400000000000077505	もょもと	0
6047	1400000000000098245	ズルが	0
6047	1400000000000100508	S.D	0
